S 25/08/27 09:08:09
D    0 334.98   6.45
D    5 334.98   6.45
D   10 334.98   6.45
D   15 325.22   6.45
D   20 223.03   6.45
D   25 224.96  10.51
D   30 233.99  11.88
D   35 233.98  12.08
D   40 233.98  12.08
D   45 233.98  12.08
D   50 224.05  32.60
D   55 226.05  32.25
D   60 228.10  32.26
D   65 229.64  32.26
D   70 228.30  32.26
D   75 226.89  32.15
D   80 223.37  32.06
D   85 235.49  32.08
D   90 215.28  32.07
D   95 222.26  32.07
D  100 227.41  32.07
D  105 225.66  26.17
D  110 225.66  26.11
D  115 225.65  26.11
D  120 228.90  26.10
D  125 228.89  23.89
D  130 231.38  38.42
D  135 230.14  37.75
D  140 232.55  32.82
D  145 235.74  34.18
D  150 235.71  34.20
D  155 235.71  34.18
D  160 231.71  34.20
D  165 231.53  29.38
D  170 231.78  27.11
D  175 229.22  27.92
D  180 227.45  27.58
D  185 223.01  26.52
D  190 222.68  23.59
D  195 222.04  27.59
D  200 219.12  31.69
D  205 219.17  32.98
D  210 219.65  35.11
D  215 219.72  39.05
D  220 222.69  42.98
D  225 223.56  43.80
D  230 224.43  44.80
D  235 229.55  23.45
D  240 219.07  35.98
D  245 219.07  38.15
D  250 219.07  38.15
D  255 219.07  38.15
D  260 219.07  35.71
D  265 214.60  41.13
D  270 224.73  35.50
D  275 220.89  35.51
D  280 220.91  51.86
D  285 222.07  49.73
D  290 220.34  49.71
D  295 241.85  49.66
D  300 241.13  49.66
D  305 238.80  49.63
D  310 238.81  49.62
D  315 238.79  49.52
D  320 240.10  49.52
D  325 243.45  49.52
D  330 243.45  49.53
D  335 243.45  49.53
D  340 243.42  49.64
D  345 236.97  50.78
D  350 236.97  45.19
D  355 236.97  46.63
D  360 241.33  46.83
D  365 241.33  46.73
D  370 241.34  43.01
D  375 241.31  42.39
D  380 239.56  36.11
D  385 233.64  49.59
D  390 238.86  38.12
D  395 239.33  33.65
D  400 237.46  32.68
D  405 237.43  33.93
D  410 237.43  33.93
D  415 236.72  30.78
D  420 239.99  30.48
D  425 239.35  31.30
D  430 239.34  31.23
D  435 239.50  30.97
D  440 249.70  31.52
D  445 247.60  37.34
D  450 247.61  37.22
D  455 247.62  37.20
D  460 246.35  37.40
D  465 246.35  37.40
D  470 246.36  37.02
D  475 248.04  27.80
D  480 252.88  34.71
D  485 245.97  39.40
D  490 247.00  31.40
D  495 247.00  31.37
D  500 246.90  31.27
D  505 247.22  31.37
D  510 238.83  31.22
D  515 238.53  35.27
D  520 240.85  40.96
D  525 240.85  43.06
D  530 240.32  43.24
D  535 240.31  43.25
D  540 240.66  43.16
D  545 246.01  43.01
D  550 247.49  52.16
D  555 247.47  45.14
D  560 247.42  41.87
D  565 247.42  42.79
D  570 247.52  51.69
D  575 246.16  51.80
D  580 246.45  50.89
D  585 245.20  50.86
D  590 245.19  50.86
D  595 235.83  50.86
D  600 235.83  48.69
D  605 235.84  48.53
D  610 229.91  44.90
D  615 229.91  45.47
D  620 229.92  45.96
D  625 229.96  45.91
D  630 232.93  45.82
D  635 232.44  47.36
D  640 231.43  53.07
D  645 233.84  63.43
D  650 233.85  46.52
D  655 231.97  43.78
D  660 231.93  43.76
D  665 224.28  46.66
D  670 224.24  44.03
D  675 225.31  45.55
D  680 220.23  58.11
D  685 212.28  54.77
D  690 241.12  52.75
D  695 226.75  48.71
D  700 220.76  46.39
D  705 233.63  43.38
D  710 227.21  41.61
D  715 227.21  41.56
D  720 227.21  41.58
D  725 238.50  41.56
D  730 220.57  41.55
D  735 232.27  45.13
D  740 233.49  50.26
D  745 233.83  52.29
D  750 234.41  53.29
D  755 242.04  57.15
D  760 242.03  57.16
D  765 239.14  40.79
D  770 239.84  40.80
D  775 240.81  37.99
D  780 239.84  37.78
D  785 234.80  39.31
D  790 234.82  41.98
D  795 234.88  38.31
D  800 234.94  35.85
D  805 236.45  30.62
D  810 237.69  28.08
D  815 237.33  30.67
D  820 237.72  32.81
D  825 238.25  32.93
D  830 240.41  31.87
D  835 238.65  35.87
D  840 239.40  35.08
D  845 241.48  35.41
D  850 243.33  35.72
D  855 242.59  37.45
D  860 245.13  36.59
D  865 244.25  38.61
D  870 242.70  38.43
D  875 244.34  35.01
D  880 243.49  32.35
D  885 244.16  37.03
D  890 242.13  36.77
D  895 239.07  36.81
D  900 238.03  35.34
D  905 235.89  38.60
D  910 233.30  41.22
D  915 231.89  39.40
D  920 229.67  38.06
D  925 226.66  35.41
D  930 225.58  34.23
D  935 226.10  35.62
D  940 225.08  35.90
D  945 228.15  34.70
D  950 229.28  36.05
D  955 228.80  35.47
D  960 228.31  35.42
D  965 228.17  34.59
D  970 229.79  33.98
D  975 230.72  32.16
D  980 231.53  32.52
D  985 229.44  32.06
D  990 230.36  29.16
D  995 230.21  27.22
D 1000 233.40  25.50
D 1005 232.03  27.42
D 1010 229.89  28.80
D 1015 229.91  28.13
D 1020 230.96  28.33
D 1025 232.90  26.90
D 1030 233.68  23.70
D 1035 234.59  21.49
D 1040 237.04  25.92
D 1045 236.58  27.46
D 1050 238.40  28.72
D 1055 239.91  31.47
D 1060 240.46  34.50
D 1065 240.80  36.72
D 1070 240.53  34.30
D 1075 241.04  34.81
D 1080 240.06  34.10
D 1085 238.29  35.13
D 1090 238.10  34.33
D 1095 238.36  35.03
D 1100 237.80  35.04
D 1105 238.08  38.97
D 1110 233.35  41.33
D 1115 231.15  43.21
D 1120 232.01  42.15
D 1125 234.20  40.47
D 1130 236.62  40.71
D 1135 237.69  39.51
D 1140 235.73  38.66
D 1145 235.72  38.33
D 1150 233.31  40.30
D 1155 231.09  38.81
D 1160 230.17  38.40
D 1165 225.89  38.82
D 1170 226.13  38.40
D 1175 228.08  38.48
D 1180 227.62  40.52
D 1185 227.23  40.14
D 1190 227.32  40.85
D 1195 226.99  41.82
D 1200 230.80  41.41
D 1205 230.03  38.36
D 1210 233.31  37.73
D 1215 233.69  37.35
D 1220 234.40  37.81
D 1225 232.81  37.42
D 1230 233.11  36.79
D 1235 233.29  37.76
D 1240 230.06  39.06
D 1245 230.58  39.16
D 1250 234.13  39.15
D 1255 238.36  38.47
D 1260 241.20  36.70
D 1265 241.06  34.93
D 1270 236.94  36.53
D 1275 234.84  37.27
D 1280 235.80  37.86
D 1285 238.24  41.45
D 1290 239.36  42.35
D 1295 245.26  42.35
D 1300 252.87  45.24
D 1305 250.08  45.12
D 1310 249.75  43.31
D 1315 249.86  41.08
D 1320 248.35  40.90
D 1325 250.22  46.36
D 1330 248.04  45.52
D 1335 247.21  44.48
D 1340 243.34  46.48
D 1345 241.08  47.34
D 1350 240.68  45.85
D 1355 242.39  44.33
D 1360 241.83  43.73
D 1365 243.39  41.13
D 1370 243.62  39.51
D 1375 245.29  37.85
D 1380 247.55  35.08
D 1385 247.68  36.15
D 1390 248.25  36.85
D 1395 248.09  40.98
D 1400 247.38  40.27
D 1405 247.90  36.30
D 1410 248.40  35.79
D 1415 247.53  37.14
D 1420 244.81  37.22
D 1425 244.12  36.82
D 1430 241.42  36.41
D 1435 239.40  37.45
D 1440 237.33  37.41
D 1445 234.81  34.58
D 1450 233.77  34.02
D 1455 233.25  35.36
D 1460 233.75  35.02
D 1465 233.75  35.28
D 1470 234.81  32.33
D 1475 236.87  30.83
D 1480 241.63  31.15
D 1485 247.88  31.68
D 1490 252.75  35.86
D 1495 251.18  43.32
D 1500 249.40  41.02
D 1505 247.30  38.41
D 1510 246.02  36.43
D 1515 242.13  35.30
D 1520 240.03  36.57
D 1525 238.15  39.78
D 1530 239.67  39.50
D 1535 240.20  37.33
D 1540 242.63  37.93
D 1545 245.46  36.35
D 1550 244.43  34.92
D 1555 246.46  36.92
D 1560 251.71  38.63
D 1565 249.38  37.71
D 1570 248.71  37.51
D 1575 246.20  36.36
D 1580 242.27  33.46
D 1585 240.59  31.95
D 1590 240.29  32.25
D 1595 239.78  32.60
D 1600 237.99  34.30
D 1605 236.69  35.25
D 1610 237.06  36.41
D 1615 238.11  38.04
D 1620 239.99  40.51
D 1625 240.89  39.41
D 1630 243.53  38.35
D 1635 246.96  39.10
D 1640 244.34  39.97
D 1645 243.69  39.96
D 1650 243.53  38.59
D 1655 242.05  38.61
D 1660 245.69  38.80
D 1665 245.44  36.69
D 1670 242.25  33.81
D 1675 243.50  33.33
D 1680 247.32  36.55
D 1685 248.92  37.66
D 1690 250.53  38.67
D 1695 250.78  37.65
D 1700 256.92  39.89
D 1705 259.12  37.87
D 1710 260.14  36.20
D 1715 260.45  35.55
D 1720 257.31  36.97
D 1725 253.86  38.91
D 1730 249.26  39.50
D 1735 243.52  39.41
D 1740 243.31  35.19
D 1745 242.63  31.06
D 1750 242.89  28.92
D 1755 243.21  24.06
D 1760 242.30  24.91
D 1765 242.55  25.56
D 1770 243.55  27.13
D 1775 242.45  29.86
D 1780 239.31  34.74
D 1785 233.05  37.75
D 1790 234.26  40.53
D 1795 233.71  44.72
D 1800 239.54  48.88
D 1805 240.69  49.85
D 1810 241.11  49.57
D 1815 239.66  46.49
D 1820 239.23  44.90
D 1825 233.05  45.23
D 1830 233.10  45.82
D 1835 232.11  45.82
D 1840 236.32  48.84
D 1845 253.67  49.77
D 1850 265.78  36.19
D 1855 261.16  50.05
D 1860 261.16  50.05
D 1865 261.16  50.05
D 1870 256.44  50.08
D 1875 245.99  59.81
D 1880 245.97  62.03
D 1885 247.75  52.92
D 1890 234.75  52.66
D 1895 244.98  52.46
D 1900 241.84  52.51
D 1905 245.38  49.19
D 1910 248.45  46.06
D 1915 253.10  48.72
D 1920 254.58  49.38
D 1925 252.01  53.53
D 1930 250.27  53.78
D 1935 250.27  39.99
D 1940 250.67  44.71
D 1945 250.65  49.33
D 1950 250.63  43.62
D 1955 249.46  41.15
D 1960 251.70  40.92
D 1965 255.60  27.44
D 1970 248.94  34.01
D 1975 241.58  39.50
D 1980 235.55  43.01
D 1985 232.63  42.92
D 1990 235.10  37.15
D 1995 235.28  34.57
D 2000 235.29  43.24
D 2005 239.50  52.07
D 2010 243.98  52.04
D 2015 249.56  52.15
D 2020 245.44  56.83
D 2025 247.16  56.80
D 2030 247.15  55.76
D 2035 248.04  55.66
D 2040 254.45  54.45
D 2045 254.14  54.26
D 2050 252.03  56.64
D 2055 254.96  54.76
D 2060 257.18  54.76
D 2065 257.17  55.26
D 2070 248.32  55.16
D 2075 249.71  54.80
D 2080 249.72  55.07
D 2085 247.16  56.03
D 2090 237.24  56.00
D 2095 233.79  44.92
D 2100 233.36  52.31
D 2105 243.31  46.21
D 2110 246.02  46.87
D 2115 250.70  46.88
D 2120 253.51  46.87
D 2125 273.39  46.88
D 2130 276.64  60.60
D 2135 269.90  27.51
D 2140 261.65  10.81
D 2145 258.98  37.30
D 2150 260.75  36.93
D 2155 255.52  30.98
D 2160 255.40  50.86
D 2165 260.22  32.59
D 2170 258.46  39.71
D 2175 253.35   7.20
D 2180 246.51  16.57
D 2185 243.67  29.88
D 2190 244.72  27.35
D 2195 243.83  27.25
D 2200 243.41  26.79
D 2205 242.70  25.96
D 2210 240.60  27.46
D 2215 241.83  28.42
D 2220 242.40  28.45
D 2225 242.45  28.02
D 2230 244.88  27.04
D 2235 246.56  27.03
D 2240 247.56  27.52
D 2245 248.99  26.79
D 2250 248.73  27.33
D 2255 252.71  29.93
D 2260 251.89  33.98
D 2265 252.39  33.78
D 2270 251.87  32.47
D 2275 250.52  31.08
D 2280 250.51  29.96
D 2285 250.52  29.74
D 2290 248.25  29.28
D 2295 247.92  28.33
D 2300 249.25  26.06
D 2305 249.55  25.36
D 2310 249.61  25.27
D 2315 248.87  26.23
D 2320 250.92  27.15
D 2325 248.33  27.62
D 2330 244.95  25.50
D 2335 244.89  25.32
D 2340 243.93  27.54
D 2345 242.80  29.08
D 2350 243.80  29.60
D 2355 243.49  29.54
D 2360 241.73  29.53
D 2365 242.45  29.53
D 2370 242.31  32.80
D 2375 242.27  39.23
D 2380 241.89  41.37
D 2385 238.47  38.25
D 2390 242.37  40.26
D 2395 242.41  38.43
D 2400 242.40  34.58
D 2405 242.70  33.28
D 2410 238.77  33.38
D 2415 240.71  33.38
D 2420 233.62  37.70
D 2425 246.78  25.67
D 2430 246.79  24.88
D 2435 247.07  24.26
D 2440 249.13  24.39
D 2445 250.57  27.86
D 2450 250.60  28.63
D 2455 247.39  29.96
D 2460 246.68  29.74
D 2465 249.95  30.51
D 2470 254.48  30.15
D 2475 251.79  29.81
D 2480 251.84  29.90
D 2485 250.64  27.60
D 2490 252.90  27.69
D 2495 251.99  28.33
D 2500 251.55  26.04
D 2505 249.12  24.13
D 2510 246.19  25.26
D 2515 243.58  28.25
D 2520 244.28  32.04
D 2525 248.08  36.31
D 2530 249.46  38.77
D 2535 250.58  36.61
D 2540 248.30  34.43
D 2545 246.40  32.58
D 2550 244.97  31.50
D 2555 241.36  31.97
D 2560 239.79  31.74
D 2565 237.05  32.33
D 2570 237.06  32.35
D 2575 238.32  32.44
D 2580 238.90  32.41
D 2585 238.18  32.41
D 2590 240.68  33.21
D 2595 241.92  37.82
D 2600 242.67  38.97
D 2605 243.38  40.07
D 2610 241.92  40.07
D 2615 239.32  39.75
D 2620 237.04  37.07
D 2625 237.85  35.77
D 2630 238.96  33.18
D 2635 240.41  31.39
D 2640 240.81  30.44
D 2645 241.05  29.02
D 2650 242.33  28.93
D 2655 245.19  28.81
D 2660 246.05  30.36
D 2665 246.07  31.89
D 2670 247.53  31.89
D 2675 245.51  30.79
D 2680 244.39  29.89
D 2685 242.34  29.81
D 2690 238.93  31.48
D 2695 237.60  34.62
D 2700 236.16  35.07
D 2705 237.31  34.05
D 2710 238.10  33.55
D 2715 239.19  36.50
D 2720 241.82  37.80
D 2725 244.82  43.65
D 2730 244.44  51.34
D 2735 239.39  34.77
D 2740 235.60  26.46
D 2745 222.92  26.34
D 2750 234.48  26.40
D 2755 252.69  25.10
D 2760 244.68  12.33
D 2765 256.00  20.00
D 2770 263.59  35.76
D 2775 270.01  31.63
D 2780 272.49  39.98
D 2785 251.01  34.20
D 2790 244.54  28.36
D 2795 251.61  36.38
D 2800 251.62  33.11
D 2805 257.75  32.87
D 2810 257.73  31.49
D 2815 257.83  31.75
D 2820 257.55  30.62
D 2825 257.55  29.75
E 2830 257.58  29.68
S 25/08/27 12:20:31
D    0*297.16 350.00
E    5 357.69 350.29
