S 25/09/01 12:17:09
D    0 358.97  44.80
D    5 358.35  45.28
D   10 356.56  46.25
D   15 356.40  45.11
D   20 357.58  43.64
D   25   1.86  45.68
D   30   8.28  46.29
D   35   7.21  46.66
D   40   3.25  44.57
D   45 359.35  42.65
D   50 359.52  41.97
D   55 359.81  43.70
D   60 352.80  42.82
D   65 348.69  44.82
D   70 344.37  45.24
D   75 341.72  44.92
D   80 343.23  44.27
D   85 349.94  44.39
D   90 350.84  43.26
D   95   0.11  40.94
D  100   5.23  41.60
D  105   1.00  42.28
D  110   5.90  44.73
D  115   6.13  47.11
D  120 358.02  45.03
D  125   1.04  44.88
D  130 354.77  46.03
D  135 354.87  46.21
D  140 357.63  49.10
D  145   0.66  46.85
D  150   4.53  50.52
D  155   5.01  49.91
D  160   6.23  48.23
D  165   6.04  46.50
D  170   7.03  45.91
D  175   7.48  47.08
D  180   3.89  47.88
D  185   0.82  47.80
D  190   0.07  44.50
D  195   0.40  43.29
D  200 352.52  47.29
D  205 350.90  47.63
D  210 353.14  48.74
D  215 350.91  47.21
D  220 347.21  45.78
D  225 353.12  46.80
D  230 357.12  45.15
D  235   7.44  44.64
D  240  12.78  50.20
D  245  10.07  50.69
D  250  11.40  49.65
D  255  15.62  50.65
D  260  16.98  51.73
D  265  15.36  52.31
D  270  11.48  54.34
D  275   9.39  54.91
D  280   5.09  53.79
D  285   8.50  54.46
D  290   7.52  51.56
D  295   8.38  46.21
D  300   9.30  45.36
D  305  10.76  45.07
D  310   7.06  44.96
D  315   2.91  42.76
D  320   2.58  41.10
D  325 358.95  45.23
D  330 357.63  49.39
D  335   2.47  45.78
D  340 358.41  44.05
D  345 357.99  44.78
D  350 356.48  42.62
D  355 355.75  41.43
D  360 359.73  42.06
D  365   5.35  43.36
D  370   7.96  43.64
D  375   3.91  44.49
D  380   0.65  47.95
D  385   1.16  45.99
D  390   1.36  46.75
D  395   2.98  48.37
D  400   5.35  50.53
D  405   7.54  47.11
D  410   7.73  42.53
D  415   9.50  45.36
D  420  11.42  46.68
D  425   8.02  48.01
D  430   6.37  51.65
D  435   0.98  51.01
D  440   0.01  49.37
D  445   4.34  48.75
D  450   3.49  47.96
D  455 359.04  46.71
D  460 356.33  46.02
D  465 353.58  44.18
D  470 353.99  43.98
D  475 356.46  42.06
D  480   2.97  40.10
D  485   9.17  39.35
D  490   9.79  37.70
D  495   9.82  37.70
D  500   8.54  38.84
D  505   8.78  39.00
D  510   4.21  39.07
D  515   3.89  41.34
D  520   7.22  43.93
D  525   3.45  44.13
D  530   2.36  42.20
D  535   2.95  40.21
D  540   3.35  40.47
D  545   5.18  40.86
D  550   5.32  42.80
D  555   6.84  42.25
D  560   6.85  43.20
D  565   6.28  42.11
D  570   9.30  40.39
D  575   7.21  40.05
D  580   8.22  40.82
D  585  11.37  42.27
D  590  13.08  44.20
D  595   4.87  46.10
D  600   1.59  47.65
D  605   1.40  45.75
D  610   1.05  43.32
D  615 358.89  40.70
D  620   1.58  38.64
D  625   5.97  41.98
D  630   6.83  39.88
D  635   6.08  35.50
D  640   5.96  35.12
D  645   6.65  38.02
D  650   4.93  39.34
D  655   1.75  44.27
D  660 345.43  45.99
D  665 349.97  46.26
D  670 346.96  48.43
D  675 353.92  48.58
D  680   2.14  46.86
D  685   5.81  43.29
D  690   9.21  44.50
D  695   8.16  47.67
D  700   7.87  48.10
D  705   4.46  46.44
D  710 359.40  48.06
D  715   0.37  45.17
D  720   5.83  44.38
D  725   5.62  43.41
D  730   6.58  42.17
D  735   7.22  43.05
D  740   8.38  42.48
D  745   6.60  43.65
D  750  14.48  42.77
D  755  21.20  45.25
D  760  21.35  44.52
D  765  19.94  41.89
D  770  22.15  41.21
D  775  19.95  40.33
D  780  18.57  42.67
D  785  15.30  41.73
D  790  10.50  42.88
D  795   4.19  44.08
D  800   3.00  43.10
D  805 359.01  45.57
D  810   2.81  43.56
D  815   4.59  42.86
D  820   2.65  43.46
D  825   5.90  43.23
D  830   7.46  42.17
D  835   5.58  41.52
D  840   3.95  42.70
D  845   9.34  44.28
D  850  10.00  44.41
D  855   9.02  45.60
D  860   6.35  45.26
D  865   8.90  44.65
D  870  10.15  39.29
D  875   9.29  42.14
D  880   7.65  39.99
D  885   5.91  44.43
D  890  12.90  46.80
D  895  10.93  45.41
D  900  10.17  45.40
D  905  11.50  43.67
D  910  13.01  41.19
D  915  14.43  38.96
D  920  15.86  42.28
D  925  14.05  43.38
D  930   9.54  44.97
D  935   9.66  48.31
D  940  17.26  54.80
D  945  15.61  55.98
D  950   8.94  54.56
D  955  16.88  54.38
D  960  12.39  52.90
D  965  17.03  55.04
D  970  15.58  55.08
D  975   9.47  52.42
D  980   3.57  51.69
D  985 357.08  51.34
D  990 357.01  51.11
D  995   0.31  51.27
D 1000   8.40  48.59
D 1005  10.54  45.23
D 1010  11.37  42.19
D 1015  16.71  42.19
D 1020  20.20  41.27
D 1025  21.19  39.28
D 1030  20.49  36.79
D 1035  15.06  39.13
D 1040  10.75  43.21
D 1045  13.07  41.55
D 1050  13.20  43.43
D 1055  14.82  46.84
D 1060  13.01  48.70
D 1065  12.18  46.94
D 1070  18.53  45.40
D 1075  20.57  49.24
D 1080  15.20  51.76
D 1085   5.32  54.88
D 1090   4.12  55.45
D 1095   3.25  45.27
D 1100   8.26  43.56
D 1105   8.26  43.56
D 1110   5.04  43.17
D 1115   5.98  43.14
D 1120   6.40  41.75
D 1125   3.58  48.93
D 1130   9.54  51.81
D 1135  12.94  52.78
D 1140  14.99  52.38
D 1145  11.76  49.50
D 1150   7.79  48.40
D 1155   5.74  47.75
D 1160   3.18  51.54
D 1165   9.19  56.76
D 1170   8.82  58.03
D 1175  12.30  58.46
D 1180  12.52  59.46
D 1185   6.28  58.02
D 1190   6.22  55.19
D 1195   4.12  52.57
D 1200   4.12  51.70
D 1205   5.46  50.64
D 1210   8.02  46.42
D 1215  16.02  44.57
D 1220  18.28  40.33
D 1225  17.76  37.08
D 1230  15.85  38.89
D 1235  14.17  42.51
D 1240  14.75  45.21
D 1245  11.57  46.58
D 1250  16.17  47.44
D 1255  17.67  45.39
D 1260  15.86  42.60
D 1265  16.32  44.45
D 1270  16.83  47.18
D 1275  18.57  48.38
D 1280  17.60  51.20
D 1285  15.30  46.15
D 1290  15.82  43.23
D 1295  16.24  42.53
D 1300  13.89  42.24
D 1305   9.78  41.94
D 1310   8.36  39.73
D 1315   8.43  41.27
D 1320   7.10  41.23
D 1325   5.75  39.65
D 1330   7.05  37.01
D 1335   9.55  38.57
D 1340   9.53  43.42
D 1345  10.88  44.63
D 1350  10.83  47.70
D 1355  13.05  47.82
D 1360  15.84  46.29
D 1365  11.75  45.07
D 1370  10.69  44.84
D 1375   9.07  39.92
D 1380   6.07  39.54
D 1385   6.12  43.38
D 1390   7.24  44.39
D 1395  10.97  43.61
D 1400  11.56  44.00
D 1405  11.59  43.66
D 1410  14.70  41.02
D 1415  19.43  42.20
D 1420  19.23  41.14
D 1425  20.90  41.13
D 1430  19.74  41.27
D 1435  12.81  42.00
D 1440   7.77  43.29
D 1445   9.68  44.83
D 1450  13.40  45.87
D 1455  16.36  46.51
D 1460  16.64  46.30
D 1465  16.41  42.55
D 1470  17.71  42.43
D 1475  16.33  42.92
D 1480  11.77  42.56
D 1485   9.09  41.75
D 1490   8.99  42.68
D 1495   9.91  45.23
D 1500  12.92  47.25
D 1505  16.51  46.37
D 1510  12.99  46.08
D 1515   6.04  44.71
D 1520   2.50  42.95
D 1525   6.03  42.41
D 1530   7.49  43.02
D 1535   6.05  45.13
D 1540   9.80  47.03
D 1545   6.45  46.00
D 1550   1.73  47.62
D 1555   0.50  48.23
D 1560   5.61  48.21
D 1565  15.56  46.24
D 1570  14.84  48.77
D 1575   9.12  48.26
D 1580   8.30  46.53
D 1585   6.41  46.24
D 1590   4.21  46.30
D 1595   5.35  45.82
D 1600   8.92  47.01
D 1605   5.38  45.12
D 1610   3.17  44.40
D 1615   5.34  42.75
D 1620   7.28  43.15
D 1625  10.75  40.48
D 1630  14.35  38.98
D 1635  16.63  40.70
D 1640  19.01  41.06
D 1645  18.18  42.07
D 1650  14.40  43.33
D 1655  13.71  42.92
D 1660  13.93  43.37
D 1665  14.07  44.18
D 1670  14.20  46.06
D 1675  16.96  45.36
D 1680  17.62  45.42
D 1685  18.24  46.43
D 1690  21.04  43.06
D 1695  25.51  40.88
D 1700  28.06  39.69
D 1705  24.04  39.67
D 1710  19.78  41.56
D 1715  15.35  39.45
D 1720  17.77  39.42
D 1725  16.35  39.47
D 1730  18.37  42.07
D 1735  14.55  43.15
D 1740  12.25  43.00
D 1745  11.19  45.49
D 1750  14.49  44.90
D 1755  15.73  44.43
D 1760  16.75  39.32
D 1765  17.15  39.15
D 1770  17.75  39.54
D 1775  17.28  41.13
D 1780  18.16  41.23
D 1785  18.80  43.87
D 1790  15.30  45.36
D 1795   8.88  47.20
D 1800   7.15  46.51
D 1805  14.32  48.36
D 1810  17.55  47.32
D 1815  18.95  44.25
D 1820  20.77  42.37
D 1825  18.55  42.11
D 1830  16.40  44.73
D 1835  15.21  45.03
D 1840  17.14  42.12
D 1845  20.49  42.33
D 1850  22.05  43.05
D 1855  15.39  42.91
D 1860   9.41  42.52
D 1865   7.33  38.61
D 1870  11.27  39.83
D 1875  18.81  39.36
D 1880  23.03  39.35
D 1885  20.25  45.07
D 1890  12.45  47.61
D 1895   8.79  43.68
D 1900   7.62  43.97
D 1905   8.02  45.96
D 1910 359.10  46.06
D 1915 352.86  44.93
D 1920 358.36  45.46
D 1925   5.13  45.26
D 1930  12.02  44.23
D 1935  15.65  44.64
D 1940  11.99  44.64
D 1945  10.35  42.12
D 1950   9.13  42.72
D 1955   8.46  41.82
D 1960  14.85  41.23
D 1965  15.37  41.23
D 1970  11.87  43.75
D 1975  11.30  43.70
D 1980   8.06  43.70
D 1985  16.93  43.70
D 1990  21.05  43.70
D 1995  24.07  42.33
D 2000  23.12  41.60
D 2005  25.76  43.23
D 2010  28.06  43.95
D 2015  24.95  46.49
D 2020  25.55  47.24
D 2025  27.56  46.62
D 2030  27.03  48.11
D 2035  27.61  48.31
D 2040  30.47  47.23
D 2045  31.40  44.08
D 2050  30.98  42.48
D 2055  28.89  40.53
D 2060  27.05  41.45
D 2065  23.89  43.30
D 2070  24.96  42.12
D 2075  24.96  41.51
D 2080  25.48  42.46
D 2085  24.75  48.02
D 2090  22.95  49.26
D 2095  22.12  51.58
D 2100  25.78  50.53
D 2105  30.87  54.55
D 2110  32.70  52.22
D 2115  31.40  52.03
D 2120  28.57  47.24
D 2125  26.45  46.49
D 2130  23.77  46.10
D 2135  17.24  44.49
D 2140  16.14  44.67
D 2145  18.73  44.78
D 2150  19.11  45.02
D 2155  18.46  45.92
D 2160   9.09  46.13
D 2165   2.55  43.19
D 2170   0.81  40.97
D 2175   3.12  40.48
D 2180   8.08  39.91
D 2185   7.28  39.91
D 2190  11.28  40.65
D 2195  11.77  41.13
D 2200  11.76  39.53
D 2205  13.50  39.10
D 2210  17.38  39.10
D 2215  20.03  39.10
D 2220  22.55  39.11
D 2225  18.38  39.70
D 2230  11.04  44.38
D 2235   4.71  46.82
D 2240   3.23  46.95
D 2245   3.84  45.98
D 2250   4.56  45.65
D 2255   8.29  41.88
D 2260   9.61  39.98
D 2265  10.66  38.78
D 2270  15.00  36.13
D 2275  16.05  36.13
D 2280  15.91  37.33
D 2285  15.71  37.97
D 2290  14.96  37.45
D 2295  14.75  36.10
D 2300  19.46  36.00
D 2305  21.66  37.87
D 2310  19.11  40.72
D 2315  17.55  44.04
D 2320  15.16  45.63
D 2325  17.85  46.20
D 2330  19.39  45.94
D 2335  20.03  45.78
D 2340  17.92  47.50
D 2345  12.97  46.51
D 2350  13.12  45.66
D 2355  15.57  49.73
D 2360  11.60  52.26
D 2365  11.72  51.24
D 2370  15.55  45.66
D 2375  18.23  43.10
D 2380  19.38  41.29
D 2385  19.07  41.93
D 2390  20.79  42.97
D 2395  20.44  39.90
D 2400  21.07  38.62
D 2405  20.05  41.67
D 2410  20.85  44.91
D 2415  15.25  46.87
D 2420   9.35  44.38
D 2425  12.45  47.36
D 2430  13.59  48.08
D 2435  10.19  48.03
D 2440   9.90  47.43
D 2445   9.70  46.06
D 2450   9.71  44.86
D 2455   9.87  44.66
D 2460  11.30  46.51
D 2465  15.43  47.23
D 2470  18.15  44.90
D 2475  17.97  40.47
D 2480  20.52  38.12
D 2485  18.48  36.58
D 2490  18.27  38.36
D 2495  19.10  38.44
D 2500  20.01  39.06
D 2505  21.58  37.11
D 2510  24.33  36.52
D 2515  27.92  37.08
D 2520  26.07  39.48
D 2525  26.95  40.03
D 2530  25.45  40.45
D 2535  22.57  42.60
D 2540  19.97  44.90
D 2545  24.53  45.98
D 2550  25.95  46.03
D 2555  27.20  48.00
D 2560  24.41  48.80
D 2565  25.41  49.57
D 2570  28.67  49.09
D 2575  26.04  45.52
D 2580  24.98  43.09
D 2585  24.93  42.53
D 2590  23.75  40.66
D 2595  20.32  40.10
D 2600  16.21  39.80
D 2605  14.67  39.69
D 2610  17.49  41.49
D 2615  22.76  42.54
D 2620  23.63  42.52
D 2625  24.46  43.93
D 2630  24.89  44.56
D 2635  22.80  45.75
D 2640  22.28  46.35
D 2645  21.24  47.68
D 2650  12.88  48.93
D 2655  10.64  49.67
D 2660  12.73  47.69
D 2665   8.77  46.90
D 2670   3.51  45.58
D 2675   3.42  46.73
D 2680   7.75  47.97
D 2685   8.49  49.28
D 2690  12.28  49.40
D 2695  13.37  49.06
D 2700  14.73  46.39
D 2705  17.18  44.12
D 2710  19.27  43.10
D 2715  19.63  45.55
D 2720  21.41  44.92
D 2725  25.36  42.15
D 2730  26.01  40.12
D 2735  24.54  36.72
D 2740  21.94  37.44
D 2745  17.53  39.42
D 2750  15.21  41.07
D 2755  16.97  39.97
D 2760  18.50  39.12
D 2765  16.57  40.37
D 2770  16.50  40.93
D 2775  14.41  41.09
D 2780  15.28  41.29
D 2785  16.33  39.36
D 2790  16.04  39.58
D 2795  14.37  38.60
D 2800  15.16  36.91
D 2805  14.35  38.29
D 2810  13.28  39.99
D 2815  16.05  40.60
D 2820  18.90  41.41
D 2825  25.31  42.11
D 2830  27.95  41.76
D 2835  28.64  40.86
D 2840  28.70  40.03
D 2845  28.95  40.07
D 2850  29.70  39.42
D 2855  31.55  39.50
D 2860  28.61  38.65
D 2865  24.90  42.60
D 2870  23.19  44.83
D 2875  26.98  43.21
D 2880  31.45  42.52
D 2885  33.88  40.83
D 2890  33.04  38.52
D 2895  31.71  38.08
D 2900  30.79  38.81
D 2905  31.03  40.83
D 2910  31.04  44.75
D 2915  30.97  45.61
D 2920  21.06  46.65
D 2925  15.94  45.05
D 2930  13.53  43.28
D 2935  13.32  42.98
D 2940  11.24  44.66
D 2945  17.69  38.03
D 2950  17.70  35.18
D 2955  16.14  32.86
D 2960  16.17  30.39
D 2965  15.33  30.55
D 2970  14.60  32.38
D 2975  15.77  35.23
D 2980  16.17  36.98
D 2985  14.12  37.27
D 2990  14.56  37.60
D 2995  12.73  38.10
D 3000  12.47  41.46
D 3005  12.71  40.50
D 3010  12.80  41.48
D 3015  12.22  41.83
D 3020  10.91  41.34
D 3025  10.34  41.46
D 3030  10.93  40.18
D 3035  13.11  38.56
D 3040  17.21  40.12
D 3045  20.06  39.85
D 3050  19.65  39.94
D 3055  18.57  39.50
D 3060  17.46  41.50
D 3065  13.88  42.69
D 3070  16.16  45.05
D 3075  17.09  46.06
D 3080  21.46  46.61
D 3085  26.02  45.51
D 3090  27.79  43.05
D 3095  21.85  43.23
D 3100  23.93  43.77
D 3105  24.11  42.98
D 3110  21.33  42.30
D 3115  19.32  43.00
D 3120  18.41  42.38
D 3125  18.63  38.42
D 3130  19.71  34.93
D 3135  20.64  34.83
D 3140  21.00  35.11
D 3145  23.86  37.79
D 3150  30.69  35.77
D 3155  32.04  35.25
D 3160  33.14  36.15
D 3165  33.18  38.59
D 3170  34.27  38.77
D 3175  34.01  39.27
D 3180  31.35  39.85
D 3185  30.18  38.03
D 3190  27.10  36.61
D 3195  28.76  35.92
D 3200  27.95  35.21
D 3205  26.98  36.53
D 3210  26.54  39.41
D 3215  27.88  39.30
D 3220  26.34  39.42
D 3225  25.71  39.96
D 3230  24.58  37.54
D 3235  22.58  35.75
D 3240  24.28  35.84
D 3245  24.34  36.61
D 3250  25.95  37.91
D 3255  25.13  38.36
D 3260  23.39  42.47
D 3265  24.62  41.41
D 3270  25.15  38.69
D 3275  25.51  38.40
D 3280  23.84  36.80
D 3285  21.92  38.48
D 3290  21.50  37.68
D 3295  22.16  36.80
D 3300  22.91  37.91
D 3305  23.91  38.52
D 3310  28.18  41.30
D 3315  27.18  44.11
D 3320  27.91  44.65
D 3325  28.36  46.53
D 3330  30.81  45.69
D 3335  34.68  47.33
D 3340  40.48  46.99
D 3345  41.32  47.42
D 3350  39.70  48.26
D 3355  38.57  46.46
D 3360  36.14  46.37
D 3365  30.68  46.49
D 3370  31.42  48.11
D 3375  31.89  45.91
D 3380  31.70  46.56
D 3385  33.12  47.35
D 3390  32.95  48.49
D 3395  28.54  49.61
D 3400  25.12  45.33
D 3405  24.96  40.58
D 3410  23.68  35.38
D 3415  22.09  32.93
D 3420  23.17  32.41
D 3425  21.99  34.15
D 3430  27.32  37.60
D 3435  27.39  37.41
D 3440  29.42  38.88
D 3445  32.95  38.88
D 3450  35.22  37.73
D 3455  34.85  35.44
D 3460  31.68  35.26
D 3465  31.18  33.89
D 3470  32.97  35.03
D 3475  34.68  36.69
D 3480  35.94  37.24
D 3485  33.53  39.83
D 3490  35.16  41.32
D 3495  34.89  42.11
D 3500  35.40  40.54
D 3505  36.83  41.69
D 3510  40.49  41.95
D 3515  41.44  40.25
D 3520  41.44  43.50
D 3525  36.61  45.05
D 3530  33.02  46.63
D 3535  38.45  46.38
D 3540  40.79  47.86
D 3545  40.50  48.07
D 3550  36.27  48.12
D 3555  30.71  46.68
D 3560  33.34  44.97
D 3565  33.96  43.39
D 3570  32.82  40.22
D 3575  30.65  38.15
D 3580  27.53  37.18
D 3585  24.41  37.91
D 3590  24.88  38.54
D 3595  23.18  38.32
D 3600  23.70  37.30
D 3605  25.83  36.91
D 3610  28.04  39.65
D 3615  28.88  39.45
D 3620  27.55  39.47
D 3625  25.70  39.87
D 3630  21.61  39.18
D 3635  22.25  39.44
D 3640  22.57  39.66
D 3645  22.00  40.34
D 3650  27.52  40.60
D 3655  30.80  40.36
D 3660  31.22  42.00
D 3665  33.03  40.83
D 3670  31.93  41.12
D 3675  32.60  40.25
D 3680  32.37  41.18
D 3685  29.84  40.47
D 3690  32.33  39.91
D 3695  32.12  38.48
D 3700  29.19  38.80
D 3705  31.65  37.89
D 3710  34.94  38.04
D 3715  29.90  38.46
D 3720  30.00  38.24
D 3725  28.55  38.05
D 3730  28.74  36.65
D 3735  28.58  37.01
D 3740  27.07  38.55
D 3745  27.14  38.12
D 3750  30.48  39.85
D 3755  28.67  40.33
D 3760  28.93  39.62
D 3765  31.32  39.60
D 3770  33.23  41.25
D 3775  30.63  42.93
D 3780  29.95  42.71
D 3785  29.59  41.15
D 3790  31.04  41.15
D 3795  32.20  40.72
D 3800  31.04  39.23
D 3805  27.39  38.01
D 3810  24.00  35.88
D 3815  23.64  34.98
D 3820  25.39  36.74
D 3825  27.38  37.49
D 3830  30.00  36.48
D 3835  32.83  35.71
D 3840  31.96  35.58
D 3845  31.15  36.70
D 3850  30.20  37.33
D 3855  28.82  38.92
D 3860  25.11  42.74
D 3865  25.01  45.52
D 3870  30.65  45.49
D 3875  33.98  43.82
D 3880  37.30  42.37
D 3885  38.38  42.56
D 3890  38.94  42.68
D 3895  38.46  42.11
D 3900  39.18  39.50
D 3905  39.26  41.14
D 3910  34.22  41.34
D 3915  30.20  37.75
D 3920  32.05  37.48
D 3925  41.26  38.50
D 3930  43.53  43.29
D 3935  48.94  48.38
D 3940  49.64  43.85
D 3945  47.94  41.93
D 3950  41.77  40.41
D 3955  37.78  43.43
D 3960  32.82  41.62
D 3965  29.84  41.03
D 3970  27.79  39.60
D 3975  31.94  40.52
D 3980  31.13  41.40
D 3985  32.60  42.00
D 3990  29.93  43.25
D 3995  28.46  42.08
D 4000  29.63  41.56
D 4005  29.56  38.57
D 4010  29.05  38.49
D 4015  28.43  41.27
D 4020  23.08  40.20
D 4025  20.61  39.66
D 4030  24.13  39.63
D 4035  28.23  39.26
D 4040  31.52  39.71
D 4045  32.51  40.16
D 4050  35.74  40.25
D 4055  33.98  43.56
D 4060  31.53  47.58
D 4065  36.33  49.20
D 4070  46.60  47.58
D 4075  47.46  43.46
D 4080  43.08  43.65
D 4085  42.21  43.59
D 4090  41.96  42.68
D 4095  39.92  39.50
D 4100  38.93  39.75
D 4105  39.03  41.18
D 4110  39.48  41.88
D 4115  39.36  42.90
D 4120  37.66  42.99
D 4125  34.93  43.18
D 4130  29.33  41.01
D 4135  28.00  41.41
D 4140  27.72  41.05
D 4145  30.08  39.84
D 4150  33.39  38.31
D 4155  37.28  37.64
D 4160  38.22  38.53
D 4165  38.64  38.07
D 4170  40.15  38.75
D 4175  37.65  39.23
D 4180  33.30  40.28
D 4185  32.92  41.13
D 4190  31.38  41.92
D 4195  31.98  41.12
D 4200  33.11  39.02
D 4205  35.16  37.80
D 4210  35.73  38.09
D 4215  36.22  39.05
D 4220  37.63  41.44
D 4225  38.80  39.89
D 4230  36.94  40.88
D 4235  36.03  41.98
D 4240  36.43  40.42
D 4245  38.35  39.45
D 4250  42.02  35.89
D 4255  42.06  33.40
D 4260  42.84  31.00
D 4265  40.81  28.53
D 4270  39.20  28.42
D 4275  37.44  28.83
D 4280  34.70  31.94
D 4285  36.35  36.27
D 4290  37.94  38.69
D 4295  38.45  39.79
D 4300  40.66  39.92
D 4305  41.22  41.09
D 4310  40.11  40.73
D 4315  38.63  39.08
D 4320  37.37  37.20
D 4325  38.95  37.67
D 4330  37.71  40.67
D 4335  37.33  41.59
D 4340  34.43  41.59
D 4345  33.43  41.42
D 4350  33.50  43.30
D 4355  34.39  41.82
D 4360  37.13  38.50
D 4365  36.85  36.03
D 4370  33.39  35.23
D 4375  32.46  36.69
D 4380  33.40  35.99
D 4385  32.45  35.40
D 4390  32.50  36.06
D 4395  31.80  37.50
D 4400  28.83  38.23
D 4405  27.89  38.30
D 4410  28.55  37.39
D 4415  29.79  37.90
D 4420  30.53  38.00
D 4425  33.14  38.40
D 4430  34.46  36.08
D 4435  36.81  35.53
D 4440  37.03  36.75
D 4445  37.04  37.77
D 4450  36.29  37.45
D 4455  34.39  40.60
D 4460  34.39  38.73
D 4465  33.94  36.31
D 4470  31.54  36.72
D 4475  29.38  35.58
D 4480  29.97  35.05
D 4485  29.84  33.45
D 4490  31.08  33.51
E 4495  32.00  34.71
