S 25/09/01 12:17:08
D    0 101.19  46.14
D    5 102.02  46.48
D   10  99.12  47.57
D   15  97.97  47.25
D   20  99.29  44.69
D   25 100.77  47.26
D   30 110.25  46.96
D   35 110.24  48.09
D   40 104.93  46.26
D   45 104.09  43.79
D   50 100.51  42.88
D   55 102.08  44.89
D   60  95.78  44.20
D   65  90.98  45.38
D   70  86.29  46.56
D   75  83.30  46.27
D   80  84.71  45.93
D   85  91.76  45.71
D   90  91.07  44.33
D   95  98.20  45.02
D  100 105.93  42.20
D  105 103.17  43.75
D  110 107.07  45.28
D  115 109.27  47.95
D  120 102.28  45.39
D  125 102.62  46.22
D  130  97.50  47.16
D  135  99.43  48.06
D  140  99.18  49.47
D  145 102.91  48.02
D  150 104.22  50.84
D  155 106.80  51.89
D  160 108.40  50.13
D  165 108.24  47.81
D  170 109.35  46.83
D  175 110.20  47.90
D  180 106.33  49.23
D  185 103.05  49.41
D  190 102.10  45.98
D  195 103.13  43.98
D  200  97.14  48.84
D  205  92.24  49.13
D  210  94.66  50.30
D  215  92.37  48.70
D  220  89.11  47.11
D  225  93.57  48.59
D  230  98.33  46.64
D  235 106.81  45.66
D  240 113.98  49.95
D  245 112.27  51.96
D  250 113.29  50.59
D  255 115.19  51.72
D  260 121.21  53.14
D  265 118.49  53.12
D  270 114.43  55.41
D  275 112.25  55.98
D  280 108.78  55.31
D  285 110.17  55.46
D  290 110.88  53.86
D  295 110.29  48.15
D  300 111.61  46.34
D  305 112.58  45.84
D  310 109.30  46.16
D  315 105.84  44.15
D  320  99.78  41.84
D  325  98.84  45.21
D  330  99.25  51.34
D  335  97.12  56.33
D  340 100.18  45.79
D  345  99.51  45.20
D  350  98.65  43.37
D  355  96.95  42.30
D  360  99.90  42.76
D  365 105.90  45.22
D  370 109.73  44.31
D  375 106.90  45.62
D  380 102.69  49.34
D  385 102.70  47.10
D  390 103.54  48.03
D  395 104.34  47.54
D  400 105.31  52.47
D  405 111.03  48.71
D  410 107.80  44.99
D  415 109.77  46.14
D  420 113.61  48.63
D  425 110.18  48.72
D  430 108.85  52.31
D  435 108.59  51.32
D  440 101.66  50.40
D  445 105.77  50.21
D  450 102.76  50.49
D  455 102.16  48.01
D  460  98.05  48.23
D  465  95.76  44.64
D  470  96.99  44.19
D  475  99.63  41.38
D  480 101.48  40.36
D  485 102.02  40.30
D  490 111.32  41.68
D  495 111.67  40.20
D  500 111.50  40.15
D  505 109.48  40.01
D  510 106.95  39.79
D  515 106.71  42.53
D  520 108.83  44.01
D  525 105.22  45.27
D  530 104.80  43.77
D  535 104.94  43.19
D  540 105.07  40.90
D  545 106.23  42.24
D  550 107.11  44.28
D  555 108.82  43.64
D  560 109.61  44.12
D  565 108.25  44.12
D  570 111.86  40.62
D  575 110.21  41.47
D  580 109.81  42.28
D  585 113.31  43.49
D  590 114.65  45.24
D  595 111.75  47.36
D  600 103.26  48.93
D  605 103.40  47.89
D  610 102.55  44.85
D  615  99.93  40.91
D  620 102.26  39.22
D  625 105.91  43.28
D  630 107.26  42.81
D  635 108.98  38.18
D  640 108.42  36.07
D  645 108.60  38.79
D  650 107.20  41.70
D  655 104.28  45.22
D  660  99.40  47.60
D  665  91.56  47.48
D  670  86.92  50.00
D  675  94.12  49.22
D  680 102.25  46.27
D  685 108.20  44.13
D  690 111.20  45.85
D  695 110.20  48.95
D  700 110.34  49.46
D  705 106.31  47.50
D  710 101.41  48.52
D  715 104.10  45.55
D  720 107.93  45.46
D  725 108.24  44.45
D  730 107.87  43.15
D  735 108.67  44.29
D  740 109.15  44.03
D  745 108.24  44.73
D  750 113.48  43.18
D  755 121.63  45.49
D  760 122.59  46.60
D  765 119.77  42.51
D  770 124.44  42.30
D  775 122.45  42.65
D  780 120.45  43.35
D  785 118.54  42.76
D  790 112.23  43.68
D  795 106.51  44.99
D  800 106.87  45.48
D  805 101.20  46.06
D  810 105.01  44.31
D  815 106.19  44.54
D  820 104.09  44.64
D  825 107.98  44.46
D  830 108.49  43.28
D  835 106.93  42.52
D  840 105.49  43.24
D  845 110.25  45.51
D  850 112.28  45.91
D  855 111.81  46.06
D  860 108.21  45.74
D  865 108.52  46.88
D  870 113.45  39.78
D  875 112.36  40.58
D  880 108.16  45.80
D  885 107.54  45.89
D  890 115.04  47.70
D  895 113.13  46.76
D  900 112.45  46.96
D  905 115.68  45.38
D  910 114.74  41.93
D  915 117.97  39.88
D  920 117.93  43.20
D  925 114.50  43.94
D  930 111.86  46.22
D  935 111.92  49.16
D  940 120.60  53.65
D  945 116.81  58.00
D  950 109.75  55.91
D  955 118.95  54.84
D  960 114.90  53.90
D  965 118.81  56.47
D  970 116.79  55.83
D  975 108.23  53.80
D  980 105.27  52.65
D  985  98.01  52.60
D  990  98.72  51.83
D  995 100.90  52.46
D 1000 109.49  49.31
D 1005 111.96  46.34
D 1010 114.06  43.72
D 1015 119.53  42.37
D 1020 122.55  42.09
D 1025 123.20  40.05
D 1030 121.72  38.16
D 1035 119.83  36.80
D 1040 112.87  43.24
D 1045 114.89  42.58
D 1050 115.19  44.53
D 1055 116.56  44.84
D 1060 114.73  49.84
D 1065 115.35  50.08
D 1070 120.58  46.68
D 1075 123.74  49.66
D 1080 112.86  52.86
D 1085 107.35  56.87
D 1090 105.47  54.38
D 1095 108.47  45.70
D 1100 110.11  44.75
D 1105 108.97  44.04
D 1110 108.13  44.60
D 1115 105.02  44.07
D 1120 107.64  42.93
D 1125 105.44  48.17
D 1130 111.01  52.31
D 1135 113.42  54.48
D 1140 118.14  52.86
D 1145 114.26  50.61
D 1150 109.85  48.98
D 1155 106.70  50.48
D 1160 105.14  53.25
D 1165 109.31  57.19
D 1170 112.43  59.20
D 1175 115.33  60.16
D 1180 115.08  61.33
D 1185 107.79  58.27
D 1190 105.32  56.80
D 1195 105.49  56.34
D 1200 105.94  52.79
D 1205 106.50  51.56
D 1210 111.81  50.49
D 1215 117.69  45.60
D 1220 117.96  44.95
D 1225 119.06  38.12
D 1230 118.44  39.80
D 1235 116.21  42.42
D 1240 117.36  45.42
D 1245 113.99  47.81
D 1250 117.44  48.76
D 1255 120.05  46.51
D 1260 118.50  44.02
D 1265 118.35  44.88
D 1270 118.96  48.26
D 1275 120.84  49.71
D 1280 120.82  52.62
D 1285 117.62  49.02
D 1290 118.35  44.87
D 1295 118.07  43.60
D 1300 116.45  43.00
D 1305 112.40  43.30
D 1310 110.71  41.45
D 1315 110.35  41.78
D 1320 108.68  42.97
D 1325 107.18  41.03
D 1330 105.49  37.11
D 1335 110.58  40.57
D 1340 112.23  42.81
D 1345 113.11  46.21
D 1350 112.18  48.30
D 1355 115.39  49.05
D 1360 117.95  47.89
D 1365 114.08  46.89
D 1370 112.50  46.96
D 1375 109.11  41.50
D 1380 110.04  40.21
D 1385 108.63  44.21
D 1390 108.72  45.66
D 1395 112.81  44.76
D 1400 113.08  45.40
D 1405 114.83  44.78
D 1410 113.93  42.48
D 1415 121.05  43.20
D 1420 122.13  42.45
D 1425 122.60  42.34
D 1430 122.97  42.39
D 1435 118.83  42.98
D 1440 110.78  44.51
D 1445 111.30  46.13
D 1450 115.63  47.13
D 1455 119.20  48.24
D 1460 119.95  47.28
D 1465 117.92  45.08
D 1470 120.50  42.76
D 1475 119.29  43.92
D 1480 113.76  42.76
D 1485 111.39  43.18
D 1490 110.72  43.62
D 1495 111.60  45.65
D 1500 114.88  48.43
D 1505 119.41  48.12
D 1510 116.51  46.90
D 1515 113.95  45.95
D 1520 104.57  44.06
D 1525 107.32  43.75
D 1530 109.54  43.80
D 1535 106.50  45.86
D 1540 112.71  48.29
D 1545 109.95  47.27
D 1550 104.64  47.67
D 1555 102.36  47.76
D 1560 107.00  48.95
D 1565 117.85  47.67
D 1570 120.35  50.17
D 1575 113.31  50.43
D 1580 109.84  49.15
D 1585 109.11  46.36
D 1590 106.90  47.63
D 1595 107.41  46.39
D 1600 110.47  48.60
D 1605 108.01  46.26
D 1610 104.11  45.32
D 1615 107.35  43.62
D 1620 107.90  44.31
D 1625 111.95  42.01
D 1630 115.42  40.09
D 1635 119.45  41.30
D 1640 120.60  42.13
D 1645 121.49  42.73
D 1650 116.24  44.06
D 1655 116.16  43.98
D 1660 115.45  44.45
D 1665 116.86  44.27
D 1670 116.67  46.95
D 1675 117.20  47.24
D 1680 119.73  45.84
D 1685 120.61  47.75
D 1690 123.32  43.96
D 1695 127.06  42.13
D 1700 130.69  40.97
D 1705 127.17  39.85
D 1710 123.71  41.68
D 1715 116.79  40.35
D 1720 120.38  39.65
D 1725 118.32  40.86
D 1730 121.22  44.07
D 1735 116.71  44.27
D 1740 113.08  45.93
D 1745 111.03  47.00
D 1750 117.27  46.33
D 1755 116.51  46.13
D 1760 118.25  40.84
D 1765 119.45  41.20
D 1770 120.24  41.07
D 1775 119.20  41.66
D 1780 120.55  42.53
D 1785 121.50  43.70
D 1790 118.13  46.40
D 1795 111.04  48.58
D 1800 109.71  48.18
D 1805 116.02  50.15
D 1810 119.56  48.50
D 1815 120.11  45.63
D 1820 123.15  42.91
D 1825 121.44  43.33
D 1830 118.21  46.70
D 1835 115.58  45.14
D 1840 118.65  43.12
D 1845 122.59  43.63
D 1850 124.14  44.33
D 1855 117.39  43.84
D 1860 110.97  41.80
D 1865 109.05  39.87
D 1870 113.11  40.50
D 1875 120.21  40.01
D 1880 124.58  40.16
D 1885 123.87  43.33
D 1890 114.21  47.02
D 1895 110.58  44.89
D 1900 109.80  44.67
D 1905 110.46  47.18
D 1910 100.72  47.25
D 1915  95.19  45.43
D 1920  99.16  46.87
D 1925 106.16  46.96
D 1930 113.33  45.84
D 1935 117.10  46.27
D 1940 113.25  45.69
D 1945 113.07  43.30
D 1950 110.71  43.58
D 1955 110.52  42.92
D 1960 111.58  42.15
D 1965 117.75  42.98
D 1970 113.35  44.61
D 1975 112.85  44.83
D 1980 110.45  45.49
D 1985 118.15  46.02
D 1990 123.49  45.22
D 1995 126.00  43.28
D 2000 125.55  43.19
D 2005 127.59  44.55
D 2010 129.96  45.16
D 2015 126.80  47.49
D 2020 127.93  48.78
D 2025 129.56  47.46
D 2030 129.18  49.90
D 2035 129.33  49.54
D 2040 133.39  48.78
D 2045 134.06  46.02
D 2050 134.85  45.97
D 2055 131.04  41.80
D 2060 128.18  43.15
D 2065 126.18  44.40
D 2070 127.83  43.91
D 2075 127.56  43.52
D 2080 128.42  43.62
D 2085 126.73  48.72
D 2090 125.57  50.90
D 2095 124.48  53.04
D 2100 128.47  52.91
D 2105 132.85  56.00
D 2110 136.30  53.26
D 2115 134.06  53.23
D 2120 131.51  50.28
D 2125 129.08  48.14
D 2130 124.87  47.44
D 2135 120.06  45.49
D 2140 118.52  45.65
D 2145 120.32  45.40
D 2150 120.77  46.96
D 2155 120.90  46.94
D 2160 111.51  47.17
D 2165 102.75  44.79
D 2170 103.70  42.14
D 2175 109.96  41.61
D 2180 110.01  41.04
D 2185 109.74  40.43
D 2190 113.64  42.01
D 2195 113.39  42.74
D 2200 113.69  40.45
D 2205 115.07  40.19
D 2210 119.35  40.60
D 2215 122.30  41.16
D 2220 125.13  40.45
D 2225 121.18  40.83
D 2230 113.50  45.24
D 2235 105.77  49.69
D 2240 103.95  49.46
D 2245 105.41  46.96
D 2250 106.82  45.61
D 2255 109.97  43.12
D 2260 110.74  41.67
D 2265 113.31  39.78
D 2270 116.74  37.03
D 2275 118.47  37.38
D 2280 117.53  38.66
D 2285 117.47  39.62
D 2290 116.86  38.95
D 2295 116.77  37.45
D 2300 122.75  38.40
D 2305 123.73  39.15
D 2310 121.07  41.87
D 2315 120.01  44.98
D 2320 117.48  46.58
D 2325 119.50  47.57
D 2330 121.58  47.17
D 2335 123.20  46.87
D 2340 120.61  48.39
D 2345 115.33  48.32
D 2350 115.17  46.68
D 2355 117.61  50.17
D 2360 113.86  53.21
D 2365 112.60  52.26
D 2370 115.73  46.73
D 2375 120.31  43.93
D 2380 121.05  42.23
D 2385 121.32  43.35
D 2390 122.81  44.21
D 2395 122.59  42.26
D 2400 123.11  39.28
D 2405 123.04  41.90
D 2410 122.94  45.53
D 2415 117.16  47.90
D 2420 111.16  45.72
D 2425 114.72  48.26
D 2430 115.17  49.24
D 2435 113.17  49.23
D 2440 111.50  48.76
D 2445 111.33  47.09
D 2450 111.41  46.24
D 2455 111.58  45.56
D 2460 112.16  46.49
D 2465 116.32  48.56
D 2470 120.42  46.20
D 2475 119.21  41.99
D 2480 122.38  39.65
D 2485 121.02  37.46
D 2490 120.44  38.70
D 2495 121.16  39.81
D 2500 122.10  40.10
D 2505 122.89  38.23
D 2510 126.16  37.63
D 2515 130.14  37.63
D 2520 129.41  40.36
D 2525 129.50  41.06
D 2530 128.30  41.38
D 2535 126.72  43.08
D 2540 122.70  45.74
D 2545 126.46  47.19
D 2550 128.61  46.46
D 2555 129.51  48.76
D 2560 127.31  49.79
D 2565 127.73  50.45
D 2570 130.38  50.07
D 2575 129.78  47.26
D 2580 127.55  44.17
D 2585 126.70  43.60
D 2590 126.52  42.98
D 2595 122.88  41.25
D 2600 118.82  41.13
D 2605 116.80  40.46
D 2610 119.12  42.18
D 2615 124.46  43.60
D 2620 126.15  43.43
D 2625 126.92  44.74
D 2630 127.55  45.81
D 2635 124.01  46.23
D 2640 125.13  47.19
D 2645 123.87  48.24
D 2650 117.96  49.05
D 2655 112.54  51.02
D 2660 114.88  49.18
D 2665 112.86  48.00
D 2670 106.01  46.39
D 2675 105.74  47.80
D 2680 108.68  49.26
D 2685 109.74  49.58
D 2690 113.61  50.29
D 2695 115.43  50.19
D 2700 116.38  49.26
D 2705 118.75  45.61
D 2710 120.56  43.86
D 2715 122.14  46.78
D 2720 123.08  46.77
D 2725 127.47  43.30
D 2730 128.35  41.60
D 2735 127.37  37.99
D 2740 126.87  37.43
D 2745 120.18  39.95
D 2750 117.83  41.98
D 2755 118.13  41.20
D 2760 120.87  40.15
D 2765 119.06  41.17
D 2770 118.87  41.93
D 2775 117.12  42.05
D 2780 116.70  42.38
D 2785 118.76  40.03
D 2790 118.79  40.45
D 2795 115.99  40.20
D 2800 116.83  37.86
D 2805 117.17  39.37
D 2810 115.44  40.74
D 2815 117.77  41.60
D 2820 121.10  42.63
D 2825 126.66  43.89
D 2830 130.37  42.85
D 2835 131.56  41.92
D 2840 131.19  41.80
D 2845 131.20  41.51
D 2850 132.58  40.33
D 2855 133.52  40.66
D 2860 132.65  39.46
D 2865 128.18  41.94
D 2870 125.73  45.71
D 2875 127.88  45.62
D 2880 132.79  43.99
D 2885 134.69  45.29
D 2890 135.76  39.60
D 2895 134.35  38.92
D 2900 133.03  38.97
D 2905 133.54  41.58
D 2910 134.90  44.73
D 2915 130.49  47.13
D 2920 124.75  48.58
D 2925 119.39  46.60
D 2930 116.29  45.14
D 2935 115.24  44.73
D 2940 117.93  43.48
D 2945 119.91  39.58
D 2950 119.91  36.47
D 2955 118.62  36.41
D 2960 118.45  31.72
D 2965 117.96  31.05
D 2970 116.68  31.81
D 2975 118.12  35.02
D 2980 118.83  37.44
D 2985 117.95  38.72
D 2990 116.46  38.38
D 2995 114.83  38.47
D 3000 114.76  41.75
D 3005 114.76  42.10
D 3010 114.76  41.97
D 3015 114.20  43.15
D 3020 114.19  42.92
D 3025 112.18  42.92
D 3030 112.18  42.54
D 3035 114.63  39.86
D 3040 118.41  40.38
D 3045 120.98  41.16
D 3050 122.61  40.76
D 3055 120.93  40.76
D 3060 120.39  42.40
D 3065 117.62  42.27
D 3070 117.66  45.63
D 3075 117.65  46.89
D 3080 121.29  47.25
D 3085 125.72  46.79
D 3090 129.07  44.76
D 3095 126.45  44.71
D 3100 126.56  45.51
D 3105 126.56  45.99
D 3110 125.87  43.50
D 3115 121.57  43.46
D 3120 121.52  44.03
D 3125 121.09  39.41
D 3130 121.55  36.62
D 3135 123.13  35.65
D 3140 122.72  36.14
D 3145 123.13  38.73
D 3150 130.42  37.53
D 3155 135.13  36.19
D 3160 135.13  36.19
D 3165 135.86  38.79
D 3170 135.85  40.12
D 3175 137.86  39.60
D 3180 134.24  40.38
D 3185 132.21  40.63
D 3190 128.57  39.01
D 3195 130.15  36.58
D 3200 132.01  36.83
D 3205 129.36  36.59
D 3210 129.54  38.73
D 3215 130.38  40.60
D 3220 130.39  40.60
D 3225 128.61  41.80
D 3230 128.08  39.43
D 3235 126.53  37.60
D 3240 126.43  36.65
D 3245 127.42  36.65
D 3250 128.36  39.01
D 3255 128.36  39.89
D 3260 127.54  43.11
D 3265 125.73  42.94
D 3270 127.63  40.68
D 3275 127.99  40.68
D 3280 126.39  39.20
D 3285 124.68  40.05
D 3290 124.09  39.38
D 3295 124.10  38.29
D 3300 125.31  38.23
D 3305 126.05  39.93
D 3310 130.80  40.66
D 3315 129.96  44.17
D 3320 130.03  46.22
D 3325 130.95  48.09
D 3330 133.28  48.09
D 3335 137.92  47.53
D 3340 143.60  48.68
D 3345 146.44  48.65
D 3350 144.86  49.72
D 3355 141.63  48.28
D 3360 141.76  47.36
D 3365 136.33  48.08
D 3370 134.34  49.30
D 3375 135.08  47.43
D 3380 135.11  46.77
D 3385 136.63  48.36
D 3390 135.58  49.27
D 3395 131.23  51.95
D 3400 129.89  48.31
D 3405 127.80  43.85
D 3410 125.31  40.50
D 3415 124.38  35.02
D 3420 125.06  33.49
D 3425 125.72  35.66
D 3430 125.73  37.65
D 3435 129.95  38.72
D 3440 130.66  38.72
D 3445 135.30  40.52
D 3450 137.70  40.03
D 3455 138.20  36.78
D 3460 135.47  36.69
D 3465 134.06  36.46
D 3470 134.09  35.63
D 3475 135.13  38.47
D 3480 139.57  38.30
D 3485 137.84  39.53
D 3490 137.31  42.84
D 3495 137.80  43.56
D 3500 137.19  43.70
D 3505 139.23  43.70
D 3510 139.74  43.58
D 3515 143.43  43.58
D 3520 144.12  42.78
D 3525 144.54  44.58
D 3530 143.38  47.03
D 3535 135.74  47.03
D 3540 138.70  48.13
D 3545 145.11  48.87
D 3550 145.10  49.41
D 3555 145.10  49.41
D 3560 134.40  49.04
D 3565 133.67  46.69
D 3570 137.22  45.86
D 3575 135.65  43.10
D 3580 133.88  40.53
D 3585 130.57  38.83
D 3590 127.97  39.15
D 3595 127.25  40.22
D 3600 126.44  40.00
D 3605 125.80  39.68
D 3610 127.70  38.69
D 3615 129.52  40.94
D 3620 132.43  42.46
D 3625 130.96  40.21
D 3630 130.00  41.78
D 3635 124.82  40.93
D 3640 124.92  40.93
D 3645 124.85  41.33
D 3650 124.40  41.91
D 3655 129.38  42.51
D 3660 133.19  41.95
D 3665 134.04  43.30
D 3670 135.63  42.57
D 3675 135.18  41.95
D 3680 135.29  41.98
D 3685 137.02  42.33
D 3690 132.96  41.50
D 3695 134.64  41.80
D 3700 135.14  40.10
D 3705 132.16  39.53
D 3710 133.41  38.63
D 3715 137.76  39.57
D 3720 134.43  40.27
D 3725 132.39  39.63
D 3730 131.63  39.58
D 3735 131.10  37.50
D 3740 130.65  38.70
D 3745 131.17  39.95
D 3750 130.20  39.58
D 3755 133.39  40.82
D 3760 131.74  41.98
D 3765 131.46  41.67
D 3770 130.44  40.51
D 3775 136.21  42.51
D 3780 134.36  44.43
D 3785 131.61  45.31
D 3790 132.39  43.24
D 3795 133.79  42.60
D 3800 134.85  42.66
D 3805 135.46  40.81
D 3810 132.33  39.63
D 3815 126.94  37.81
D 3820 126.13  36.01
D 3825 128.22  38.18
D 3830 128.95  39.32
D 3835 132.32  37.72
D 3840 133.96  37.52
D 3845 135.66  36.84
D 3850 134.23  38.28
D 3855 132.74  39.03
D 3860 131.92  40.34
D 3865 127.90  43.54
D 3870 127.40  46.53
D 3875 131.53  46.89
D 3880 135.54  46.10
D 3885 138.94  43.85
D 3890 141.22  44.41
D 3895 142.27  44.16
D 3900 141.45  43.42
D 3905 142.32  41.05
D 3910 143.08  42.63
D 3915 139.97  42.25
D 3920 132.25  38.88
D 3925 132.74  38.78
D 3930 143.05  39.94
D 3935 146.87  44.00
D 3940 152.73  50.27
D 3945 152.96  46.18
D 3950 152.95  45.21
D 3955 151.83  42.94
D 3960 141.51  45.30
D 3965 136.26  43.73
D 3970 134.20  42.63
D 3975 129.88  41.78
D 3980 134.71  41.07
D 3985 134.11  43.01
D 3990 134.54  43.19
D 3995 133.26  44.89
D 4000 130.81  43.99
D 4005 129.51  43.23
D 4010 131.82  40.71
D 4015 131.79  39.88
D 4020 132.46  42.05
D 4025 126.54  43.57
D 4030 125.86  40.44
D 4035 124.08  40.91
D 4040 130.96  41.42
D 4045 133.30  41.34
D 4050 135.13  42.10
D 4055 137.95  41.46
D 4060 137.38  44.15
D 4065 135.58  49.00
D 4070 137.51  51.79
D 4075 148.62  47.46
D 4080 151.23  46.06
D 4085 147.36  43.78
D 4090 145.56  45.05
D 4095 145.28  43.69
D 4100 141.92  41.12
D 4105 142.22  40.98
D 4110 141.78  42.39
D 4115 143.10  42.97
D 4120 142.65  44.68
D 4125 140.92  44.63
D 4130 138.79  45.33
D 4135 133.41  42.23
D 4140 130.64  42.88
D 4145 130.08  42.78
D 4150 129.96  42.17
D 4155 133.25  39.97
D 4160 139.94  38.86
D 4165 141.15  40.33
D 4170 140.98  39.72
D 4175 141.95  40.13
D 4180 143.41  40.13
D 4185 136.83  41.63
D 4190 136.16  42.03
D 4195 134.96  44.14
D 4200 134.86  42.90
D 4205 134.93  40.81
D 4210 135.85  39.19
D 4215 138.48  39.34
D 4220 139.36  40.14
D 4225 139.89  42.55
D 4230 141.88  41.85
D 4235 140.55  42.13
D 4240 138.52  43.90
D 4245 139.03  42.12
D 4250 140.59  41.41
D 4255 144.91  37.80
D 4260 145.62  35.79
D 4265 145.83  31.83
D 4270 143.68  29.55
D 4275 142.53  29.79
D 4280 140.57  29.37
D 4285 139.25  32.25
D 4290 137.68  36.52
D 4295 140.81  40.03
D 4300 141.15  41.03
D 4305 144.39  41.37
D 4310 144.45  42.32
D 4315 143.44  42.30
D 4320 141.92  40.56
D 4325 140.05  38.79
D 4330 141.49  39.02
D 4335 140.64  41.66
D 4340 140.76  42.98
D 4345 137.99  43.43
D 4350 136.50  42.88
D 4355 136.09  45.06
D 4360 136.81  43.09
D 4365 138.05  39.41
D 4370 139.56  37.32
D 4375 137.31  36.45
D 4380 135.31  38.27
D 4385 136.07  37.44
D 4390 135.30  37.04
D 4395 135.05  37.67
D 4400 134.76  38.83
D 4405 131.59  39.58
D 4410 131.11  39.91
D 4415 131.46  39.29
D 4420 132.61  38.41
D 4425 134.10  39.12
D 4430 136.00  40.00
D 4435 137.41  38.27
D 4440 139.61  37.08
D 4445 140.08  37.90
D 4450 140.35  39.50
D 4455 138.91  39.37
D 4460 137.33  42.11
D 4465 137.62  40.31
D 4470 136.80  37.53
D 4475 134.13  37.83
D 4480 132.46  36.96
D 4485 132.53  36.33
D 4490 132.81  35.13
D 4495 134.09  35.27
E 4500 135.86  35.96
