S 24/06/26 08:44:43
D    0  11.34   0.00
D    5  11.34   0.00
D   10  11.34   0.00
D   15  11.34   0.00
D   20  11.34   0.00
D   25  11.34   0.00
D   30  11.34   0.00
D   35  11.34   0.00
D   40  11.34   0.00
D   45  11.34   0.00
D   50  11.34   0.00
D   55* 11.34   0.00
D   60  11.34   0.00
D   65  11.34   0.00
D   70  11.35   0.00
D   75  11.35   0.00
D   80  11.35   0.00
D   85  11.35   0.00
D   90  11.35   0.00
D   95  11.35   0.00
D  100  11.35   0.00
D  105  16.13   0.00
D  110  96.86 359.95
D  115  89.66 359.95
D  120  89.56 359.95
D  125  93.51 359.95
D  130  93.50   0.55
D  135  93.51   6.44
D  140  93.51  11.40
D  145  94.37 357.78
D  150  93.69 357.78
D  155  93.92 357.78
D  160  93.92 355.13
D  165  94.02   0.28
D  170  94.02   0.32
D  175  94.02   0.11
D  180  94.02   0.87
D  185  94.02   0.74
D  190  94.59   0.74
D  195  89.42   0.74
D  200  90.02   0.74
D  205  90.00   0.74
D  210  90.00   0.74
D  215  90.00   0.74
D  220  90.00   0.74
D  225  90.00   0.74
D  230  90.00   0.74
D  235  90.00   0.74
D  240  90.00   0.74
D  245  90.00   0.74
D  250  90.00   0.74
D  255  90.00   0.74
D  260  90.00   0.74
D  265  90.00   0.74
D  270  90.00   0.74
D  275  90.00   0.74
D  280  90.00   0.74
D  285  90.00   0.74
D  290  90.00   0.74
D  295  90.00   0.74
E  300  90.00   0.74
S 24/06/26 10:13:02
D    0 353.58   1.06
D    5 353.59   1.07
D   10 353.59   1.07
D   15 353.59   1.07
D   20 353.59   1.07
E   25 353.59   1.07
S 24/06/26 10:13:59
D    0 353.50   1.06
D    5 353.50   1.06
D   10 352.71   1.06
D   15 352.69   1.07
D   20 352.87   1.10
D   25 348.85  18.30
D   30 348.69  24.80
D   35 349.21  25.66
D   40 350.43  26.44
D   45 351.46  29.11
D   50 355.96  30.00
D   55 358.32  34.09
D   60   1.30  35.84
D   65   4.15  37.92
D   70   7.18  41.48
D   75   9.60  43.87
D   80  12.15  44.33
D   85  12.40  45.33
D   90  14.34  46.55
D   95  14.95  46.64
D  100  15.18  47.58
D  105  16.44  48.15
D  110  16.89  48.83
D  115  17.80  49.32
D  120  18.69  50.09
D  125  19.21  50.30
D  130  17.81  49.72
D  135  19.95  46.55
D  140  20.83  39.62
D  145  23.30  41.72
D  150  25.66  35.32
D  155  25.65  34.94
D  160  14.70  38.98
D  165  14.72  38.98
D  170  14.70  38.99
D  175  14.26  39.42
D  180  15.50  53.89
D  185  16.18  53.76
D  190  16.93  53.30
D  195  16.29  53.16
D  200  16.59  53.06
D  205  16.58  53.74
D  210  16.61  53.50
D  215  16.61  53.50
D  220  16.61  53.50
D  225  16.61  53.50
D  230  16.61  53.50
D  235  16.61  53.50
D  240  16.61  53.50
D  245  16.61  53.50
D  250  16.61  53.50
D  255  16.61  53.50
D  260  16.61  53.50
D  265  16.61  53.50
D  270  16.61  53.50
D  275  16.61  53.50
D  280  16.61  53.50
D  285  16.61  53.50
D  290  16.61  53.50
D  295  16.61  53.50
D  300  16.61  53.50
D  305  16.61  53.50
D  310  16.61  53.50
D  315  16.61  53.50
D  320  16.61  53.50
D  325  16.61  53.50
D  330  16.61  53.50
D  335  16.61  53.50
D  340  16.61  53.50
E  345  16.61  53.50
S 24/06/26 10:53:00
D    0 351.80   0.50
D    5 351.80   0.50
D   10 351.80   0.50
D   15 351.80   0.50
D   20 351.80   0.50
D   25 351.80   0.50
D   30 351.80   0.50
D   35 351.80   0.50
D   40 351.80   0.50
D   45 351.80   0.50
D   50 351.80   0.50
D   55 351.80   0.50
D   60 351.80   0.50
D   65 351.80   0.50
D   70 351.80   0.50
D   75 351.80   0.50
D   80 351.80   0.50
D   85 351.80   0.50
D   90 351.80   0.50
D   95 351.80   0.50
D  100 351.80   0.50
D  105 351.80   0.56
D  110 351.82   0.56
D  115 351.81   0.56
D  120 351.81   0.56
D  125 351.81   0.56
D  130 356.34  18.40
D  135 359.55  31.37
D  140 358.11  37.21
D  145 356.72  38.00
D  150   1.38  30.66
D  155 356.67  21.04
D  160 356.68  42.03
D  165   1.53  47.84
D  170  11.53  41.83
D  175   9.87  42.13
D  180  10.33  42.27
D  185  11.26  43.68
D  190  13.74  44.45
D  195  14.07  44.71
D  200  15.20  44.23
D  205  15.81  43.79
D  210  15.78  43.11
D  215  15.54  43.29
D  220  15.56  42.62
D  225  15.80  41.79
D  230  15.43  41.19
D  235  15.65  40.71
D  240  15.97  40.27
D  245  16.70  39.81
D  250  17.15  39.45
D  255  17.67  39.22
D  260  18.05  38.75
D  265  18.52  38.57
D  270  19.28  38.42
D  275  19.55  38.20
D  280  19.76  38.05
D  285  19.87  38.03
D  290  19.67  37.87
D  295  19.71  37.73
D  300  19.65  37.96
D  305  20.11  37.80
D  310  20.54  37.78
D  315  20.89  37.75
D  320  21.28  37.76
D  325  21.30  37.68
D  330  21.73  37.85
D  335  22.34  37.88
D  340  22.51  37.85
D  345  22.77  37.95
D  350  23.41  38.02
D  355  23.54  38.00
D  360  23.82  38.02
D  365  24.09  38.12
D  370  24.28  38.04
D  375  24.40  37.98
D  380  24.84  37.78
D  385  25.23  37.63
D  390  25.48  37.53
D  395  25.96  37.50
D  400  26.54  37.39
D  405  27.00  37.57
D  410  27.83  37.67
D  415  28.38  37.59
D  420  29.20  37.55
D  425  29.60  37.64
D  430  30.54  37.86
D  435  31.21  38.01
D  440  32.01  38.23
D  445  32.70  38.47
D  450  33.25  38.69
D  455  33.98  38.96
D  460  34.46  39.00
D  465  34.96  39.26
D  470  35.50  39.43
D  475  36.36  39.76
D  480  36.85  40.00
D  485  37.47  40.08
D  490  38.18  40.14
D  495  38.73  40.33
D  500  39.45  40.45
D  505  40.44  40.65
D  510  40.95  40.80
D  515  41.85  40.89
D  520  42.82  41.07
D  525  43.77  41.23
D  530  44.72  41.33
D  535  45.69  41.56
D  540  46.43  41.69
D  545  47.37  41.89
D  550  48.04  42.05
D  555  48.70  42.30
D  560  49.21  42.35
D  565  49.70  42.45
D  570  50.13  42.71
D  575  50.38  42.70
D  580  50.62  42.86
D  585  50.72  43.07
D  590  50.79  43.28
D  595  51.00  43.43
D  600  51.10  43.53
D  605  51.35  43.76
D  610  51.68  43.76
D  615  52.02  43.81
D  620  52.60  43.78
D  625  52.79  43.78
D  630  52.41  43.50
D  635  52.87  43.42
D  640  52.99  43.34
D  645  53.57  43.26
D  650  54.06  43.16
D  655  54.31  43.07
D  660  54.50  42.93
D  665  54.74  42.88
D  670  54.97  42.75
D  675  55.10  42.61
D  680  55.39  42.49
D  685  55.51  42.39
D  690  55.71  42.29
D  695  55.87  42.23
D  700  55.88  42.07
D  705  56.10  41.98
D  710  56.18  41.83
D  715  56.31  41.82
D  720  56.43  41.71
D  725  56.49  41.69
D  730  56.63  41.64
D  735  56.67  41.63
D  740  56.72  41.61
D  745  56.76  41.56
D  750  56.80  41.53
D  755  56.75  41.47
D  760  56.78  41.44
D  765  56.81  41.40
D  770  56.86  41.34
D  775  56.96  41.34
D  780  57.05  41.36
D  785  57.20  41.35
D  790  57.23  41.35
D  795  57.36  41.33
D  800  57.59  41.31
D  805  57.83  41.31
D  810  58.02  41.28
D  815  58.22  41.24
D  820  58.40  41.19
D  825  58.56  41.12
D  830  58.69  41.10
D  835  58.79  41.06
D  840  58.93  41.05
D  845  59.01  41.01
D  850  59.03  40.96
D  855  59.11  40.91
D  860  59.21  40.89
D  865  59.25  40.85
D  870  59.31  40.82
D  875  59.38  40.79
D  880  59.39  40.75
D  885  59.39  40.73
D  890  59.43  40.70
D  895  59.45  40.65
D  900  59.51  40.63
D  905  59.49  40.58
D  910  59.50  40.51
D  915  59.50  40.46
D  920  59.46  40.38
D  925  59.38  40.33
D  930  59.33  40.28
D  935  59.28  40.23
D  940  59.24  40.19
D  945  59.19  40.13
D  950  59.13  40.10
D  955  59.09  40.05
D  960  59.04  40.02
D  965  59.02  39.98
D  970  58.99  39.91
D  975  58.97  39.85
D  980  58.99  39.80
D  985  59.01  39.76
D  990  59.12  39.74
D  995  59.15  39.72
D 1000  59.17  39.69
D 1005  59.21  39.66
D 1010  59.20  39.64
D 1015  59.21  39.62
D 1020  59.17  39.58
D 1025  59.14  39.53
D 1030  59.08  39.49
D 1035  58.99  39.48
D 1040  58.90  39.48
D 1045  58.80  39.46
D 1050  58.69  39.46
D 1055  58.55  39.46
D 1060  58.41  39.48
D 1065  58.31  39.50
D 1070  58.18  39.51
D 1075  58.10  39.51
D 1080  58.01  39.51
D 1085  57.96  39.51
D 1090  57.91  39.52
D 1095  57.86  39.52
D 1100  57.83  39.51
D 1105  57.81  39.49
D 1110  57.77  39.49
D 1115  57.69  39.48
D 1120  57.65  39.45
D 1125  57.58  39.44
D 1130  57.49  39.41
D 1135  57.47  39.39
D 1140  57.42  39.38
D 1145  57.41  39.38
D 1150  57.42  39.36
D 1155  57.47  39.32
D 1160  57.50  39.29
D 1165  57.56  39.26
D 1170  57.63  39.22
D 1175  57.66  39.19
D 1180  57.69  39.13
D 1185  57.71  39.08
D 1190  57.68  39.01
D 1195  57.69  38.94
D 1200  57.69  38.88
D 1205  57.65  38.80
D 1210  57.60  38.73
D 1215  57.56  38.67
D 1220  57.54  38.61
D 1225  57.49  38.57
D 1230  57.49  38.51
D 1235  57.43  38.48
D 1240  57.35  38.45
D 1245  57.26  38.41
D 1250  57.17  38.37
D 1255  57.06  38.37
D 1260  56.98  38.39
D 1265  56.87  38.34
D 1270  56.75  38.33
D 1275  56.62  38.30
D 1280  56.50  38.26
D 1285  56.41  38.23
D 1290  56.33  38.20
D 1295  56.24  38.21
D 1300  56.20  38.17
D 1305  56.11  38.14
D 1310  56.04  38.14
D 1315  55.97  38.08
D 1320  55.91  38.04
D 1325  55.83  38.02
D 1330  55.77  37.99
D 1335  55.75  37.91
D 1340  55.66  37.87
D 1345  55.63  37.84
D 1350  55.60  37.76
D 1355  55.55  37.71
D 1360  55.52  37.65
D 1365  55.50  37.59
D 1370  55.43  37.52
D 1375  55.39  37.46
D 1380  55.35  37.41
D 1385  55.28  37.34
D 1390  55.26  37.31
D 1395  55.23  37.27
D 1400  55.17  37.23
D 1405  55.14  37.20
D 1410  55.08  37.16
D 1415  55.03  37.11
D 1420  54.98  37.09
D 1425  54.91  37.07
D 1430  54.85  37.03
D 1435  54.80  37.01
D 1440  54.74  36.98
D 1445  54.70  36.95
D 1450  54.68  36.92
D 1455  54.63  36.88
D 1460  54.57  36.85
D 1465  54.51  36.78
D 1470  54.48  36.75
D 1475  54.43  36.70
D 1480  54.39  36.66
D 1485  54.35  36.62
D 1490  54.32  36.60
D 1495  54.26  36.53
D 1500  54.26  36.51
D 1505  54.26  36.47
D 1510  54.20  36.42
D 1515  54.20  36.37
D 1520  54.18  36.38
D 1525  54.17  36.38
D 1530  54.16  36.36
D 1535  54.16  36.35
D 1540  54.17  36.34
D 1545  54.15  36.32
D 1550  54.11  36.31
D 1555  54.06  36.31
D 1560  54.02  36.29
D 1565  53.96  36.29
D 1570  53.88  36.29
D 1575  53.84  36.30
D 1580  53.80  36.30
E 1585  53.75  36.30
S 24/06/26 11:27:00
D    0 351.75   0.89
D    5 351.75   0.89
D   10 351.70   0.88
D   15 351.88   1.00
D   20 351.88   1.00
D   25 351.91   3.34
D   30 359.65  19.14
D   35   7.39  29.71
D   40  15.18  33.82
D   45  17.50  35.30
D   50  18.61  36.89
D   55  18.56  38.23
D   60  19.10  41.96
D   65  19.83  42.06
D   70  19.80  42.55
D   75  19.63  42.14
D   80  20.17  41.90
D   85  20.95  41.53
D   90  23.31  40.69
D   95  23.81  40.72
D  100  25.32  38.97
D  105  26.05  38.65
D  110  27.01  37.74
D  115  28.04  37.01
D  120  28.30  36.08
D  125  29.15  35.76
D  130  29.79  35.45
D  135  30.41  34.62
D  140  31.03  34.08
D  145  31.34  33.68
D  150  31.51  33.45
D  155  32.34  32.99
D  160  32.47  32.78
D  165  32.85  32.34
D  170  33.34  31.84
D  175  34.26  31.61
D  180  34.87  31.26
D  185  35.62  31.10
D  190  36.19  30.85
D  195  36.68  30.75
D  200  37.08  30.54
D  205  37.56  30.16
D  210  37.87  29.91
D  215  38.00  29.78
D  220  38.04  29.87
D  225  38.31  29.89
D  230  38.72  29.89
D  235  39.13  29.88
D  240  38.98  29.80
D  245  38.91  29.82
D  250  39.01  29.70
D  255  39.08  29.55
D  260  39.14  29.35
D  265  39.25  29.24
D  270  39.55  29.00
D  275  39.82  28.92
D  280  40.05  28.68
D  285  40.17  28.55
D  290  40.22  28.36
D  295  40.43  28.13
D  300  40.63  28.10
D  305  40.74  27.95
D  310  41.05  27.96
D  315  41.31  27.77
D  320  41.60  27.72
D  325  41.78  27.56
D  330  41.89  27.45
D  335  42.17  27.32
D  340  42.42  27.17
D  345  42.88  27.05
D  350  43.31  27.33
D  355  43.82  27.54
D  360  44.08  27.56
D  365  44.35  27.57
D  370  44.53  27.66
D  375  44.53  27.66
D  380  44.84  27.82
D  385  44.95  27.83
D  390  45.13  27.88
D  395  45.43  27.85
D  400  45.64  27.96
D  405  46.03  28.01
D  410  46.00  28.26
D  415  46.18  28.41
D  420  46.40  28.46
D  425  46.61  28.73
D  430  46.70  28.89
D  435  46.84  29.01
D  440  46.96  29.07
D  445  47.21  29.12
D  450  47.28  29.16
D  455  47.62  29.00
D  460  47.77  28.89
D  465  48.11  28.91
D  470  48.35  28.91
D  475  48.66  29.11
D  480  49.00  29.15
D  485  49.35  29.13
D  490  49.96  29.60
D  495  50.05  29.94
D  500  50.44  30.17
D  505  50.72  30.36
D  510  51.11  30.63
D  515  51.37  30.76
D  520  51.61  31.00
D  525  52.00  31.13
D  530  52.41  31.35
D  535  52.66  31.39
D  540  52.86  31.47
D  545  53.18  31.58
D  550  53.55  31.66
D  555  53.76  31.74
D  560  53.97  31.86
D  565  54.15  31.94
D  570  54.48  32.08
D  575  54.73  32.25
D  580  55.04  32.40
D  585  55.54  32.58
D  590  56.05  32.75
D  595  56.63  32.86
D  600  57.36  33.05
D  605  57.98  33.05
D  610  58.62  33.13
D  615  59.26  33.15
D  620  59.83  33.36
D  625  60.42  33.41
D  630  61.05  33.55
D  635  61.47  33.60
D  640  62.01  33.74
D  645  62.35  33.84
D  650  62.81  33.92
D  655  63.01  33.97
D  660  63.47  34.05
D  665  63.90  33.98
D  670  64.31  33.98
D  675  64.69  33.98
D  680  64.96  33.98
D  685  65.37  33.98
D  690  65.60  33.98
D  695  65.96  33.98
D  700  66.34  33.98
D  705  66.64  33.98
D  710  66.97  33.98
D  715  67.41  34.04
D  720  67.76  34.13
D  725  67.95  34.17
D  730  68.17  34.24
E  735  68.17  34.24
S 24/06/26 11:46:48
D    0   0.01   0.26
E    2   0.01   0.26
S 24/06/26 11:47:59
D    0 353.39   0.69
E    5 353.39   0.69
S 24/06/26 11:49:00
D    0 353.37   0.69
D    5 353.35   0.69
D   10 353.35   0.69
D   15 353.43   0.69
D   20 353.43   0.69
D   25 353.43   0.70
D   30 353.43   0.70
D   35 353.32   0.70
D   40 357.94  25.21
D   45   2.11  32.63
D   50   4.28  40.19
D   55   8.18  43.08
D   60  20.01  39.68
D   65*  8.45  39.67
D   70   9.51  41.80
D   75  12.76  36.93
D   80  15.93  37.23
D   85  19.41  38.57
D   90  21.19  39.13
D   95  23.10  39.46
D  100  26.81  39.61
D  105  28.41  39.66
D  110  30.05  40.35
D  115  30.74  40.41
D  120  31.75  40.40
D  125  32.36  40.73
D  130  33.33  41.31
D  135  33.78  41.43
D  140  34.40  41.51
D  145  34.71  41.67
D  150  33.83  42.07
D  155  33.72  42.61
D  160  33.83  42.79
D  165  33.63  43.00
D  170  33.68  43.28
D  175  34.46  43.75
D  180  34.55  44.16
D  185  36.09  44.57
D  190  36.50  45.23
D  195  36.71  45.96
D  200  36.61  46.66
D  205  36.35  47.32
D  210  36.21  47.96
D  215  35.48  48.39
D  220  35.18  48.58
D  225  35.39  48.91
D  230  35.21  49.29
D  235  35.12  49.71
D  240  35.11  50.12
D  245  34.96  50.12
D  250  34.75  50.33
D  255  34.62  50.43
D  260  34.70  50.46
D  265  34.77  50.51
D  270  35.00  50.58
D  275  35.42  50.57
D  280  36.05  50.58
D  285  36.96  50.44
D  290  38.08  50.52
D  295  39.20  50.64
D  300  40.35  50.62
D  305  41.32  50.75
D  310  42.42  50.80
D  315  43.65  50.70
D  320  44.82  50.36
D  325  45.91  50.23
D  330  47.07  50.22
D  335  47.78  50.13
D  340  48.97  50.07
D  345  50.01  50.05
D  350  51.46  49.95
D  355  52.49  49.95
D  360  53.62  50.10
D  365  54.43  50.00
D  370  55.06  50.00
D  375  56.10  49.99
D  380  56.97  49.87
D  385  57.60  49.80
D  390  58.33  49.78
D  395  58.94  49.71
D  400  59.56  49.72
D  405  60.14  49.67
D  410  60.55  49.62
D  415  61.04  49.61
D  420  61.68  49.58
D  425  62.06  49.49
D  430  62.60  49.47
D  435  63.08  49.47
D  440  63.82  49.35
D  445  64.43  49.23
D  450  65.08  49.13
D  455  65.66  48.96
D  460  66.28  48.88
D  465  66.95  48.75
D  470  67.51  48.52
D  475  68.15  48.33
D  480  68.64  48.20
D  485  69.14  48.02
D  490  69.51  47.87
D  495  69.80  47.66
D  500  70.20  47.56
D  505  70.31  47.39
D  510  70.45  47.32
D  515  70.45  47.32
D  520  70.45  47.32
D  525  70.45  47.32
D  530  70.45  47.32
D  535  70.45  47.31
D  540  70.45  47.31
D  545  70.45  47.31
D  550  70.45  47.31
D  555  70.45  47.31
D  560  70.45  47.31
D  565  70.45  47.31
D  570  70.45  47.31
D  575  70.45  47.31
D  580  70.45  47.31
E  585  70.45  46.90
S 24/06/26 12:01:00
D    0 351.50 359.59
D    5 351.50 359.59
D   10 351.50 359.59
D   15 351.50 359.59
D   20 351.50 359.59
D   25 351.50 359.59
D   30 351.51 359.64
D   35 347.84  15.85
D   40 347.09  23.48
D   45 348.77  29.53
D   50 352.72  34.53
D   55 354.73  39.50
D   60   2.78  42.74
D   65   5.75  50.69
D   70   6.23  50.29
D   75   8.66  48.68
D   80   9.24  47.92
D   85   8.78  48.04
D   90   9.35  45.02
D   95  11.03  45.88
D  100  14.70  47.12
D  105  16.33  47.31
D  110  17.48  47.85
D  115  17.98  48.01
D  120  18.21  48.08
D  125  18.44  47.49
D  130  18.59  47.67
D  135  18.46  47.50
D  140  18.81  47.93
D  145  18.87  48.34
D  150  19.16  48.94
D  155  20.29  49.63
D  160  20.60  49.42
D  165  20.20  49.73
D  170  20.53  49.78
D  175  21.11  49.83
D  180  21.44  49.86
D  185  21.40  49.79
D  190  21.47  49.69
D  195  21.93  49.60
D  200  22.34  50.03
D  205  23.38  50.16
D  210  24.14  50.34
D  215  24.22  50.76
D  220  24.66  50.84
D  225  25.33  50.84
D  230  25.82  50.94
D  235  26.81  50.78
D  240  27.89  50.62
D  245  28.85  50.51
D  250  29.80  50.64
D  255  30.19  50.64
D  260  30.51  50.76
D  265  30.98  50.88
D  270  31.10  50.66
D  275  30.48  50.46
D  280  31.03  50.79
D  285  31.74  50.84
D  290  32.68  50.87
D  295  33.77  50.93
D  300  34.80  50.76
D  305  35.97  50.69
D  310  36.66  50.75
D  315  37.18  50.72
D  320  37.60  50.78
D  325  38.25  50.86
D  330  38.95  51.05
D  335  39.62  51.23
D  340  40.34  51.40
D  345  41.45  51.55
D  350  42.64  51.70
D  355  43.36  51.71
D  360  44.02  51.64
D  365  44.30  51.54
D  370  45.30  51.42
D  375  45.87  51.37
D  380  46.37  51.27
D  385  46.86  51.15
D  390  47.44  51.05
D  395  48.10  50.83
D  400  49.00  50.61
D  405  49.93  50.51
D  410  50.60  50.19
D  415* 51.51  50.05
E  420* 51.51  50.05
S 24/07/10 08:34:34
D    0  21.82   7.44
E    1  21.82   7.44
S 24/07/10 08:34:36
D    0  21.82   7.44
D    5  21.83   7.44
D   10  21.83   7.44
D   15  21.82   7.44
E   20  21.82   7.44
S 25/02/17 09:59:08
D    0   0.10   8.91
D    5   0.10   8.91
E   10   0.10   8.91
S 25/02/17 09:59:25
D    0   0.09   8.90
E    5   0.09   8.91
S 25/02/17 10:00:10
D    0   0.09   8.91
D    5   0.09   8.91
D   10   0.09   8.91
D   15   0.09   8.91
D   20   0.09   8.91
E   25   0.09   8.91
S 25/02/17 10:00:43
D    0   0.09   8.91
E    4   0.09   8.91
S 25/02/17 10:00:51
D    0   0.09   8.91
D    5   0.09   8.91
D   10   0.09   8.91
D   15   0.09   8.91
D   20   0.09   8.91
D   25   0.09   8.91
D   30   0.09   8.91
D   35   0.09   8.91
D   40   0.09   8.91
D   45   0.09   8.91
D   50   0.09   8.91
D   55   0.09   8.91
D   60   0.09   8.91
D   65   0.09   8.91
D   70   0.09   8.91
D   75   0.09   8.91
D   80   0.09   8.91
D   85   0.09   8.91
D   90   0.09   8.91
D   95   0.09   8.91
D  100   0.09   8.91
D  105   0.09   8.91
D  110   0.09   8.91
D  115   0.09   8.91
D  120   0.09   8.91
D  125   0.09   8.91
D  130   0.09   8.91
D  135   0.09   8.91
D  140   0.09   8.91
D  145   0.09   8.91
D  150   0.09   8.91
D  155   0.09   8.91
D  160   0.09   8.91
D  165   0.09   8.91
D  170   0.09   8.91
D  175   0.09   8.91
D  180   0.09   8.91
D  185   0.09   8.91
D  190   0.09   8.91
D  195   0.09   8.91
D  200   0.09   8.91
D  205   0.09   8.91
D  210   0.09   8.91
D  215   0.09   8.91
D  220   0.09   8.91
D  225   0.09   8.91
D  230   0.09   8.91
D  235   0.09   8.91
D  240   0.09   8.91
D  245   0.09   8.91
D  250   0.09   8.91
D  255   0.09   8.91
D  260   0.09   8.91
D  265   0.09   8.91
D  270   0.09   8.91
D  275   0.09   8.91
D  280   0.09   8.91
D  285   0.09   8.91
D  290   0.09   8.91
D  295   0.09   8.91
D  300   0.09   8.91
D  305   0.09   8.91
D  310   0.09   8.91
D  315   0.09   8.91
D  320   0.09   8.91
D  325   0.09   8.91
D  330   0.09   8.91
D  335   0.09   8.91
D  340   0.09   8.91
D  345   0.09   8.91
D  350   0.09   8.91
D  355   0.09   8.91
D  360   0.09   8.91
D  365   0.09   8.91
D  370   0.09   8.91
D  375   0.09   8.91
D  380   0.09   8.91
D  385   0.09   8.91
D  390   0.09   8.91
D  395   0.09   8.91
D  400   0.09   8.91
D  405   0.09   8.91
D  410   0.09   8.91
D  415   0.09   8.91
D  420   0.09   8.91
D  425   0.09   8.91
D  430   0.09   8.91
D  435   0.09   8.91
D  440   0.09   8.91
D  445   0.09   8.91
D  450   0.09   8.91
D  455   0.09   8.91
D  460   0.09   8.91
D  465   0.09   8.91
D  470   0.09   8.91
D  475   0.09   8.91
D  480   0.09   8.91
D  485   0.09   8.91
D  490   0.09   8.91
D  495   0.09   8.91
D  500   0.09   8.91
D  505   0.09   8.91
D  510   0.09   8.91
D  515   0.09   8.91
D  520   0.09   8.91
D  525   0.09   8.91
D  530   0.09   8.91
D  535   0.09   8.91
D  540   0.09   8.91
D  545   0.09   8.91
D  550   0.09   8.91
D  555   0.09   8.91
D  560   0.09   8.91
D  565   0.09   8.91
D  570   0.09   8.91
D  575   0.09   8.91
D  580   0.09   8.91
D  585   0.09   8.91
D  590   0.09   8.91
D  595   0.09   8.91
D  600   0.09   8.91
D  605   0.09   8.91
D  610   0.09   8.91
D  615   0.09   8.91
D  620   0.09   8.91
D  625   0.09   8.91
D  630   0.09   8.91
D  635   0.09   8.91
D  640   0.09   8.91
D  645   0.09   8.91
D  650   0.09   8.91
D  655   0.09   8.91
D  660   0.09   8.91
D  665   0.09   8.91
D  670   0.09   8.91
D  675   0.09   8.91
D  680   0.09   8.91
D  685   0.09   8.91
D  690   0.09   8.91
D  695   0.09   8.91
D  700   0.09   8.91
D  705   0.09   8.91
D  710   0.09   8.91
D  715   0.09   8.91
D  720   0.09   8.91
D  725   0.09   8.91
D  730   0.09   8.91
D  735   0.09   8.91
D  740   0.09   8.91
D  745   0.09   8.91
D  750   0.09   8.91
D  755   0.09   8.91
D  760   0.09   8.91
D  765   0.09   8.91
D  770   0.09   8.91
D  775   0.09   8.91
D  780   0.09   8.91
D  785   0.09   8.91
D  790   0.09   8.91
D  795   0.09   8.91
D  800   0.09   8.91
D  805   0.09   8.91
D  810   0.09   8.91
D  815   0.09   8.91
D  820   0.09   8.91
D  825   0.09   8.91
D  830   0.09   8.91
D  835   0.09   8.91
D  840   0.09   8.91
D  845   0.09   8.91
D  850   0.09   8.91
D  855   0.09   8.91
D  860   0.09   8.91
D  865   0.09   8.91
D  870   0.09   8.91
D  875   0.09   8.91
D  880   0.09   8.91
D  885   0.09   8.91
D  890   0.09   8.91
D  895   0.09   8.91
D  900   0.09   8.91
D  905   0.09   8.91
D  910   0.09   8.91
D  915   0.09   8.91
D  920   0.09   8.91
D  925   0.09   8.91
D  930   0.09   8.91
D  935   0.09   8.91
D  940   0.09   8.91
D  945   0.09   8.91
D  950   0.09   8.91
D  955   0.09   8.91
D  960   0.09   8.91
D  965   0.09   8.91
D  970   0.09   8.91
D  975   0.09   8.91
D  980   0.09   8.91
D  985   0.09   8.91
D  990   0.09   8.91
D  995   0.09   8.91
D 1000   0.09   8.91
D 1005   0.09   8.91
D 1010   0.09   8.91
D 1015   0.09   8.91
D 1020   0.09   8.91
D 1025   0.09   8.91
D 1030   0.09   8.91
D 1035   0.09   8.91
D 1040   0.09   8.91
D 1045   0.09   8.91
D 1050   0.09   8.91
D 1055   0.09   8.91
D 1060   0.09   8.91
D 1065   0.09   8.91
D 1070   0.09   8.91
D 1075   0.09   8.91
D 1080   0.09   8.91
D 1085   0.09   8.91
D 1090   0.09   8.91
D 1095   0.09   8.91
D 1100   0.09   8.91
D 1105   0.09   8.91
D 1110   0.09   8.91
D 1115   0.09   8.91
D 1120   0.09   8.91
D 1125   0.09   8.91
D 1130   0.09   8.91
D 1135   0.09   8.91
D 1140   0.09   8.91
D 1145   0.09   8.91
D 1150   0.09   8.91
D 1155   0.09   8.91
D 1160   0.09   8.91
D 1165   0.09   8.91
D 1170   0.09   8.91
D 1175   0.09   8.91
D 1180   0.09   8.91
D 1185   0.09   8.91
D 1190   0.09   8.91
D 1195   0.09   8.91
D 1200   0.09   8.91
D 1205   0.09   8.91
D 1210   0.09   8.91
D 1215   0.09   8.91
D 1220   0.09   8.91
D 1225   0.09   8.91
D 1230   0.09   8.91
D 1235   0.09   8.90
D 1240   0.09   8.91
D 1245   0.09   8.90
D 1250   0.09   8.90
D 1255   0.09   8.91
D 1260   0.09   8.91
D 1265   0.09   8.90
D 1270   0.09   8.90
D 1275   0.09   8.90
D 1280   0.09   8.90
D 1285   0.09   8.90
D 1290   0.09   8.90
D 1295   0.09   8.90
D 1300   0.09   8.90
D 1305   0.09   8.90
D 1310   0.09   8.90
D 1315   0.09   8.90
D 1320   0.09   8.90
D 1325   0.09   8.90
D 1330   0.09   8.90
D 1335   0.09   8.90
D 1340   0.09   8.90
D 1345   0.09   8.90
D 1350   0.09   8.90
D 1355   0.09   8.90
D 1360   0.09   8.90
D 1365   0.09   8.90
D 1370   0.09   8.90
D 1375   0.09   8.90
D 1380   0.09   8.90
D 1385   0.09   8.90
D 1390   0.09   8.90
D 1395   0.09   8.90
D 1400   0.09   8.90
D 1405   0.09   8.90
D 1410   0.09   8.90
D 1415   0.09   8.90
D 1420   0.09   8.90
D 1425   0.09   8.90
D 1430   0.09   8.90
D 1435   0.09   8.90
D 1440   0.09   8.90
D 1445   0.09   8.90
D 1450   0.09   8.90
D 1455   0.09   8.90
D 1460   0.09   8.90
D 1465   0.09   8.90
D 1470   0.09   8.90
D 1475   0.09   8.90
D 1480   0.09   8.90
D 1485   0.09   8.90
D 1490   0.09   8.90
D 1495   0.09   8.90
D 1500   0.09   8.90
D 1505   0.09   8.90
D 1510   0.09   8.90
D 1515   0.09   8.90
D 1520   0.09   8.90
D 1525   0.09   8.90
D 1530   0.09   8.90
D 1535   0.09   8.90
D 1540   0.09   8.90
D 1545   0.09   8.90
D 1550   0.09   8.90
D 1555   0.09   8.90
D 1560   0.09   8.90
D 1565   0.09   8.90
D 1570   0.09   8.90
D 1575   0.09   8.90
D 1580   0.09   8.90
D 1585   0.09   8.90
D 1590   0.09   8.90
D 1595   0.09   8.90
D 1600   0.09   8.90
D 1605   0.09   8.90
D 1610   0.09   8.90
D 1615   0.09   8.90
D 1620   0.09   8.90
D 1625   0.09   8.90
D 1630   0.09   8.90
D 1635   0.09   8.90
D 1640   0.09   8.90
D 1645   0.09   8.90
D 1650   0.09   8.90
D 1655   0.09   8.90
D 1660   0.09   8.90
D 1665   0.09   8.90
D 1670   0.09   8.90
D 1675   0.09   8.90
D 1680   0.09   8.90
D 1685   0.09   8.90
D 1690   0.09   8.90
D 1695   0.09   8.90
D 1700   0.09   8.90
D 1705   0.09   8.90
D 1710   0.09   8.90
D 1715   0.09   8.90
D 1720   0.09   8.90
D 1725   0.09   8.90
D 1730   0.09   8.90
D 1735   0.09   8.90
D 1740   0.09   8.90
D 1745   0.09   8.90
D 1750   0.09   8.90
D 1755   0.09   8.90
D 1760   0.09   8.90
D 1765   0.09   8.90
D 1770   0.09   8.90
D 1775   0.09   8.90
D 1780   0.09   8.90
D 1785   0.09   8.90
D 1790   0.09   8.90
D 1795   0.09   8.90
D 1800   0.09   8.90
D 1805   0.09   8.90
D 1810   0.09   8.90
D 1815   0.09   8.90
D 1820   0.09   8.90
D 1825   0.09   8.90
D 1830   0.09   8.90
D 1835   0.09   8.90
D 1840   0.09   8.90
D 1845   0.09   8.90
D 1850   0.09   8.90
D 1855   0.09   8.90
D 1860   0.09   8.90
D 1865   0.09   8.90
D 1870   0.09   8.90
D 1875   0.09   8.90
D 1880   0.09   8.90
D 1885   0.09   8.90
D 1890   0.09   8.90
D 1895   0.09   8.90
D 1900   0.09   8.90
D 1905   0.09   8.90
D 1910   0.09   8.90
D 1915   0.09   8.90
D 1920   0.09   8.90
D 1925   0.09   8.90
D 1930   0.09   8.90
D 1935   0.09   8.90
D 1940   0.09   8.90
D 1945   0.09   8.90
D 1950   0.09   8.90
D 1955   0.09   8.90
D 1960   0.09   8.90
D 1965   0.09   8.90
D 1970   0.09   8.90
D 1975   0.09   8.90
D 1980   0.09   8.90
D 1985   0.09   8.90
D 1990   0.09   8.90
D 1995   0.09   8.90
D 2000   0.09   8.90
D 2005   0.09   8.90
D 2010   0.09   8.90
D 2015   0.09   8.90
D 2020   0.09   8.90
D 2025   0.09   8.90
D 2030   0.09   8.90
D 2035   0.09   8.90
D 2040   0.09   8.90
D 2045   0.09   8.90
D 2050   0.09   8.90
D 2055   0.09   8.90
D 2060   0.09   8.90
D 2065   0.09   8.90
D 2070   0.09   8.90
D 2075   0.09   8.90
D 2080   0.09   8.90
D 2085   0.09   8.90
D 2090   0.09   8.90
D 2095   0.09   8.90
D 2100   0.09   8.90
D 2105   0.09   8.90
D 2110   0.09   8.90
D 2115   0.09   8.90
D 2120   0.09   8.90
D 2125   0.09   8.90
D 2130   0.09   8.90
D 2135   0.09   8.90
D 2140   0.09   8.90
D 2145   0.09   8.90
D 2150   0.09   8.90
D 2155   0.09   8.90
D 2160   0.09   8.90
D 2165   0.09   8.90
D 2170   0.09   8.90
D 2175   0.09   8.90
D 2180   0.09   8.90
D 2185   0.09   8.90
D 2190   0.09   8.90
D 2195   0.09   8.90
D 2200   0.09   8.90
D 2205   0.09   8.90
D 2210   0.09   8.90
D 2215   0.09   8.90
D 2220   0.09   8.90
D 2225   0.09   8.90
D 2230   0.09   8.90
D 2235   0.09   8.90
D 2240   0.09   8.90
D 2245   0.09   8.90
D 2250   0.09   8.90
D 2255   0.09   8.90
D 2260   0.09   8.90
D 2265   0.09   8.90
D 2270   0.09   8.90
D 2275   0.09   8.90
D 2280   0.09   8.90
D 2285   0.09   8.90
D 2290   0.09   8.90
D 2295   0.09   8.90
D 2300   0.09   8.90
D 2305   0.09   8.90
D 2310   0.09   8.90
D 2315   0.09   8.90
D 2320   0.09   8.90
D 2325   0.09   8.90
D 2330   0.09   8.90
D 2335   0.09   8.90
D 2340   0.09   8.90
D 2345   0.09   8.90
D 2350   0.09   8.90
D 2355   0.09   8.90
D 2360   0.09   8.90
D 2365   0.09   8.90
D 2370   0.09   8.90
D 2375   0.09   8.90
D 2380   0.09   8.90
D 2385   0.09   8.90
D 2390   0.09   8.90
D 2395   0.09   8.90
D 2400   0.09   8.90
D 2405   0.09   8.90
D 2410   0.09   8.90
D 2415   0.09   8.90
D 2420   0.09   8.90
D 2425   0.09   8.90
D 2430   0.09   8.90
D 2435   0.09   8.90
D 2440   0.09   8.90
D 2445   0.09   8.90
D 2450   0.09   8.90
D 2455   0.09   8.90
D 2460   0.09   8.90
D 2465   0.09   8.90
D 2470   0.09   8.90
D 2475   0.09   8.90
D 2480   0.09   8.90
D 2485   0.09   8.90
D 2490   0.09   8.90
D 2495   0.09   8.90
D 2500   0.09   8.90
D 2505   0.09   8.90
D 2510   0.09   8.90
D 2515   0.09   8.90
D 2520   0.09   8.90
D 2525   0.09   8.90
D 2530   0.09   8.90
D 2535   0.09   8.90
D 2540   0.09   8.90
D 2545   0.09   8.90
D 2550   0.09   8.90
D 2555   0.09   8.90
D 2560   0.09   8.90
D 2565   0.09   8.90
D 2570   0.09   8.90
D 2575   0.09   8.90
D 2580   0.09   8.90
D 2585   0.09   8.90
D 2590   0.09   8.90
D 2595   0.09   8.90
D 2600   0.09   8.90
D 2605   0.09   8.90
D 2610   0.09   8.90
D 2615   0.09   8.90
D 2620   0.09   8.90
D 2625   0.09   8.90
D 2630   0.09   8.90
D 2635   0.09   8.90
D 2640   0.09   8.90
D 2645   0.09   8.90
D 2650   0.09   8.90
D 2655   0.09   8.90
D 2660   0.09   8.90
D 2665   0.09   8.90
D 2670   0.09   8.90
D 2675   0.09   8.90
D 2680   0.09   8.90
D 2685   0.09   8.90
D 2690   0.09   8.90
D 2695   0.09   8.90
D 2700   0.09   8.90
D 2705   0.09   8.90
D 2710   0.09   8.90
D 2715   0.09   8.90
D 2720   0.09   8.90
D 2725   0.09   8.90
D 2730   0.09   8.90
D 2735   0.09   8.90
D 2740   0.09   8.90
D 2745   0.09   8.90
D 2750   0.09   8.90
D 2755   0.09   8.90
D 2760   0.09   8.90
D 2765   0.09   8.90
D 2770   0.09   8.90
D 2775   0.09   8.90
D 2780   0.09   8.90
D 2785   0.09   8.90
D 2790   0.09   8.90
D 2795   0.09   8.90
D 2800   0.09   8.90
D 2805   0.09   8.90
D 2810   0.09   8.90
D 2815   0.09   8.90
D 2820   0.09   8.90
D 2825   0.09   8.90
D 2830   0.09   8.90
D 2835   0.09   8.90
D 2840   0.09   8.90
D 2845   0.09   8.90
D 2850   0.09   8.90
D 2855   0.09   8.90
D 2860   0.09   8.90
D 2865   0.09   8.90
D 2870   0.09   8.90
D 2875   0.09   8.90
D 2880   0.09   8.90
D 2885   0.09   8.90
D 2890   0.09   8.90
D 2895   0.09   8.90
D 2900   0.09   8.90
D 2905   0.09   8.90
D 2910   0.09   8.90
D 2915   0.09   8.90
D 2920   0.09   8.90
D 2925   0.09   8.90
D 2930   0.09   8.90
D 2935   0.09   8.90
D 2940   0.09   8.90
D 2945   0.09   8.90
D 2950   0.09   8.90
D 2955   0.09   8.90
D 2960   0.09   8.90
D 2965   0.09   8.90
D 2970   0.09   8.90
D 2975   0.09   8.90
D 2980   0.09   8.90
D 2985   0.09   8.90
D 2990   0.09   8.90
D 2995   0.09   8.90
D 3000   0.09   8.90
D 3005   0.09   8.90
D 3010   0.09   8.90
D 3015   0.09   8.90
D 3020   0.09   8.90
D 3025   0.09   8.90
D 3030   0.09   8.90
D 3035   0.09   8.90
D 3040   0.09   8.90
D 3045   0.09   8.90
D 3050   0.09   8.90
D 3055   0.09   8.90
D 3060   0.09   8.90
D 3065   0.09   8.90
D 3070   0.09   8.90
D 3075   0.09   8.90
D 3080   0.09   8.90
D 3085   0.09   8.90
D 3090   0.09   8.90
D 3095   0.09   8.90
D 3100   0.09   8.90
D 3105   0.09   8.90
D 3110   0.09   8.90
D 3115   0.09   8.90
D 3120   0.09   8.90
D 3125   0.09   8.90
D 3130   0.09   8.90
D 3135   0.09   8.90
D 3140   0.09   8.90
D 3145   0.09   8.90
D 3150   0.09   8.90
D 3155   0.09   8.90
D 3160   0.09   8.90
D 3165   0.09   8.90
D 3170   0.09   8.90
D 3175   0.09   8.90
D 3180   0.09   8.90
D 3185   0.09   8.90
D 3190   0.09   8.90
D 3195   0.09   8.90
D 3200   0.09   8.90
D 3205   0.09   8.90
D 3210   0.09   8.90
D 3215   0.09   8.90
D 3220   0.09   8.90
D 3225   0.09   8.90
D 3230   0.09   8.90
D 3235   0.09   8.90
D 3240   0.09   8.90
D 3245   0.09   8.90
D 3250   0.09   8.90
D 3255   0.09   8.90
D 3260   0.09   8.90
D 3265   0.09   8.90
D 3270   0.09   8.90
D 3275   0.09   8.90
D 3280   0.09   8.90
D 3285   0.09   8.90
D 3290   0.09   8.90
D 3295   0.09   8.90
D 3300   0.09   8.90
D 3305   0.09   8.90
D 3310   0.09   8.90
D 3315   0.09   8.90
D 3320   0.09   8.90
D 3325   0.09   8.90
D 3330   0.09   8.90
D 3335   0.09   8.90
D 3340   0.09   8.90
D 3345   0.09   8.90
D 3350   0.09   8.90
D 3355   0.09   8.90
D 3360   0.09   8.90
D 3365   0.09   8.90
D 3370   0.09   8.90
D 3375   0.09   8.90
D 3380   0.09   8.90
D 3385   0.09   8.90
D 3390   0.09   8.90
D 3395   0.09   8.90
D 3400   0.09   8.90
D 3405   0.09   8.90
D 3410   0.09   8.90
D 3415   0.09   8.90
D 3420   0.09   8.90
D 3425   0.09   8.90
D 3430   0.09   8.90
D 3435   0.09   8.90
D 3440   0.09   8.90
D 3445   0.09   8.90
D 3450   0.09   8.90
D 3455   0.09   8.90
D 3460   0.09   8.90
D 3465   0.09   8.90
D 3470   0.09   8.90
D 3475   0.09   8.90
D 3480   0.09   8.90
D 3485   0.09   8.90
D 3490   0.09   8.90
D 3495   0.09   8.90
D 3500   0.09   8.90
D 3505   0.09   8.90
D 3510   0.09   8.90
D 3515   0.09   8.90
D 3520   0.09   8.90
D 3525   0.09   8.90
D 3530   0.09   8.90
D 3535   0.09   8.90
D 3540   0.09   8.90
D 3545   0.09   8.90
D 3550   0.09   8.90
E 3555   0.09   8.90
S 25/02/17 12:11:47
D    0 359.99  14.35
D    5 359.99  14.35
D   10 359.99  14.35
D   15 359.99  14.35
D   20 359.99  14.35
D   25 359.99  14.35
D   30 359.99  14.35
D   35 359.99  14.35
D   40 359.99  14.35
D   45 359.99  14.35
D   50 359.99  14.35
D   55 359.99  14.35
D   60 359.99  14.35
D   65 359.99  14.35
D   70 359.99  14.35
D   75 359.99  14.35
D   80 359.99  14.35
D   85 359.99  14.35
D   90 359.99  14.35
D   95 359.99  14.35
D  100 359.99  14.35
D  105 359.99  14.35
D  110 359.99  14.35
D  115 359.99  14.35
D  120 359.99  14.35
D  125 359.99  14.35
D  130 359.99  14.35
D  135 359.99  14.35
D  140 359.99  14.35
D  145 359.99  14.35
D  150 359.99  14.35
D  155 359.99  14.35
D  160 359.99  14.35
D  165 359.99  14.35
D  170 359.99  14.35
D  175 359.99  14.35
D  180 359.99  14.35
D  185 359.99  14.35
D  190 359.99  14.35
D  195 359.99  14.35
D  200 359.99  14.35
D  205 359.99  14.35
D  210 359.99  14.35
D  215 359.99  14.35
D  220 359.99  14.35
D  225 359.99  14.35
D  230 359.99  14.35
D  235 359.99  14.35
D  240 359.99  14.35
D  245 359.99  14.35
D  250 359.99  14.35
D  255 359.99  14.35
D  260 359.99  14.35
D  265 359.99  14.35
D  270 359.99  14.35
D  275 359.99  14.35
D  280 359.99  14.35
D  285 359.99  14.35
D  290 359.99  14.35
D  295 359.99  14.35
D  300 359.99  14.35
D  305 359.99  14.35
D  310 359.99  14.35
D  315 359.99  14.35
D  320 359.99  14.35
D  325 359.99  14.35
D  330 359.99  14.35
D  335 359.99  14.35
D  340 359.99  14.35
D  345 359.99  14.35
D  350 359.99  14.35
D  355 359.99  14.35
D  360 359.99  14.35
D  365 359.99  14.35
D  370 359.99  14.35
D  375 359.99  14.35
D  380 359.99  14.35
D  385 359.99  14.35
D  390 359.99  14.35
D  395 359.99  14.35
D  400 359.99  14.35
D  405 359.99  14.35
D  410 359.99  14.35
D  415 359.99  14.35
D  420 359.99  14.35
D  425 359.99  14.35
D  430 359.99  14.35
D  435 359.99  14.35
D  440 359.99  14.35
D  445 359.99  14.35
D  450 359.99  14.35
D  455 359.99  14.35
D  460 359.99  14.35
D  465 359.99  14.35
D  470 359.99  14.35
D  475 359.99  14.35
D  480 359.99  14.35
D  485 359.99  14.35
D  490 359.99  14.35
D  495 359.99  14.35
D  500 359.99  14.35
D  505 359.99  14.35
D  510 359.99  14.35
D  515 359.99  14.35
D  520 359.99  14.35
D  525 359.99  14.35
D  530 359.99  14.35
D  535 359.99  14.35
D  540 359.99  14.35
D  545 359.99  14.35
D  550 359.99  14.35
D  555 359.99  14.35
D  560 359.99  14.35
D  565 359.99  14.35
D  570 359.99  14.35
D  575 359.99  14.35
D  580 359.99  14.35
D  585 359.99  14.35
D  590 359.99  14.35
D  595 359.99  14.35
D  600 359.99  14.35
D  605 359.99  14.35
D  610 359.99  14.35
D  615 359.99  14.35
D  620 359.99  14.35
D  625 359.99  14.35
D  630 359.99  14.35
D  635 359.99  14.35
D  640 359.99  14.35
D  645 359.99  14.35
D  650 359.99  14.35
D  655 359.99  14.35
D  660 359.99  14.35
D  665 359.99  14.35
D  670 359.99  14.35
D  675 359.99  14.35
D  680 359.99  14.35
D  685 359.99  14.35
D  690 359.99  14.35
D  695 359.99  14.35
D  700 359.99  14.35
D  705 359.99  14.35
D  710 359.99  14.35
D  715 359.99  14.35
D  720 359.99  14.35
D  725 359.99  14.35
D  730 359.99  14.35
D  735 359.99  14.35
D  740 359.99  14.35
D  745 359.99  14.35
D  750 359.99  14.35
D  755 359.99  14.35
D  760 359.99  14.35
D  765 359.99  14.35
D  770 359.99  14.35
D  775 359.99  14.35
D  780 359.99  14.35
D  785 359.99  14.35
D  790 359.99  14.35
D  795 359.99  14.35
D  800 359.99  14.35
D  805 359.99  14.35
D  810 359.99  14.35
D  815 359.99  14.35
D  820 359.99  14.35
D  825 359.99  14.35
D  830 359.99  14.35
D  835 359.99  14.35
D  840 359.99  14.35
D  845 359.99  14.35
D  850 359.99  14.35
D  855 359.99  14.35
D  860 359.99  14.35
D  865 359.99  14.35
D  870 359.99  14.35
D  875 359.99  14.35
D  880 359.99  14.35
D  885 359.99  14.35
D  890 359.99  14.35
D  895 359.99  14.35
D  900 359.99  14.35
D  905 359.99  14.35
D  910 359.99  14.35
D  915 359.99  14.35
D  920 359.99  14.35
D  925 359.99  14.35
D  930 359.99  14.35
D  935 359.99  14.35
D  940 359.99  14.35
D  945 359.99  14.35
D  950 359.99  14.35
D  955 359.99  14.35
D  960 359.99  14.35
D  965 359.99  14.35
D  970 359.99  14.35
D  975 359.99  14.35
D  980 359.99  14.35
D  985 359.99  14.35
D  990 359.99  14.35
D  995 359.99  14.35
D 1000 359.99  14.35
D 1005 359.99  14.35
D 1010 359.99  14.35
D 1015 359.99  14.35
D 1020 359.99  14.35
D 1025 359.99  14.35
D 1030 359.99  14.35
D 1035 359.99  14.35
D 1040 359.99  14.35
D 1045 359.99  14.35
D 1050 359.99  14.35
D 1055 359.99  14.35
D 1060 359.99  14.35
D 1065 359.99  14.35
D 1070 359.99  14.35
D 1075 359.99  14.35
D 1080 359.99  14.35
D 1085 359.99  14.35
D 1090 359.99  14.35
D 1095 359.99  14.35
D 1100 359.99  14.35
D 1105 359.99  14.35
D 1110 359.99  14.35
D 1115 359.99  14.35
D 1120 359.99  14.35
D 1125 359.99  14.35
D 1130 359.99  14.35
D 1135 359.99  14.35
D 1140 359.99  14.35
D 1145 359.99  14.35
D 1150 359.99  14.35
D 1155 359.99  14.35
D 1160 359.99  14.35
D 1165 359.99  14.35
D 1170 359.99  14.35
D 1175 359.99  14.35
D 1180 359.99  14.35
D 1185 359.99  14.35
D 1190 359.99  14.35
D 1195 359.99  14.35
D 1200 359.99  14.35
D 1205 359.99  14.35
D 1210 359.99  14.35
D 1215 359.99  14.35
D 1220 359.99  14.35
D 1225 359.99  14.35
D 1230 359.99  14.35
D 1235 359.99  14.35
D 1240 359.99  14.35
D 1245 359.99  14.35
D 1250 359.99  14.35
D 1255 359.99  14.35
D 1260 359.99  14.35
D 1265 359.99  14.35
D 1270 359.99  14.35
D 1275 359.99  14.35
D 1280 359.99  14.35
D 1285 359.99  14.35
D 1290 359.99  14.35
D 1295 359.99  14.35
D 1300 359.99  14.35
D 1305 359.99  14.35
D 1310 359.99  14.35
D 1315 359.99  14.35
D 1320 359.99  14.35
D 1325 359.99  14.35
D 1330 359.99  14.35
D 1335 359.99  14.35
D 1340 359.99  14.35
D 1345 359.99  14.35
D 1350 359.99  14.35
D 1355 359.99  14.35
D 1360 359.99  14.35
D 1365 359.99  14.35
D 1370 359.99  14.35
D 1375 359.99  14.35
D 1380 359.99  14.35
D 1385 359.99  14.35
D 1390 359.99  14.35
D 1395 359.99  14.35
D 1400 359.99  14.35
D 1405 359.99  14.35
D 1410 359.99  14.35
D 1415 359.99  14.35
D 1420 359.99  14.35
D 1425 359.99  14.35
D 1430 359.99  14.35
D 1435 359.99  14.35
D 1440 359.99  14.35
D 1445 359.99  14.35
D 1450 359.99  14.35
D 1455 359.99  14.35
D 1460 359.99  14.35
D 1465 359.99  14.35
D 1470 359.99  14.35
D 1475 359.99  14.35
D 1480 359.99  14.35
D 1485 359.99  14.35
D 1490 359.99  14.35
D 1495 359.99  14.35
D 1500 359.99  14.35
D 1505 359.99  14.35
D 1510 359.99  14.35
D 1515 359.99  14.35
D 1520 359.99  14.35
D 1525 359.99  14.35
D 1530 359.99  14.35
D 1535 359.99  14.35
D 1540 359.99  14.35
D 1545 359.99  14.35
D 1550 359.99  14.35
D 1555 359.99  14.35
D 1560 359.99  14.35
D 1565 359.99  14.35
D 1570 359.99  14.35
D 1575 359.99  14.35
D 1580 359.99  14.35
D 1585 359.99  14.35
D 1590 359.99  14.35
D 1595 359.99  14.35
D 1600 359.99  14.35
D 1605 359.99  14.35
D 1610 359.99  14.35
D 1615 359.99  14.35
D 1620 359.99  14.35
D 1625 359.99  14.35
D 1630 359.99  14.35
D 1635 359.99  14.35
D 1640 359.99  14.35
D 1645 359.99  14.35
D 1650 359.99  14.35
D 1655 359.99  14.35
D 1660 359.99  14.35
D 1665 359.99  14.35
D 1670 359.99  14.35
D 1675 359.99  14.35
D 1680 359.99  14.35
D 1685 359.99  14.35
D 1690 359.99  14.35
D 1695 359.99  14.35
D 1700 359.99  14.35
D 1705 359.99  14.35
D 1710 359.99  14.35
D 1715 359.99  14.35
D 1720 359.99  14.35
D 1725 359.99  14.35
D 1730 359.99  14.35
D 1735 359.99  14.35
D 1740 359.99  14.35
D 1745 359.99  14.35
D 1750 359.99  14.35
D 1755 359.99  14.35
D 1760 359.99  14.35
D 1765 359.99  14.35
D 1770 359.99  14.35
D 1775 359.99  14.35
D 1780 359.99  14.35
D 1785 359.99  14.35
D 1790 359.99  14.35
D 1795 359.99  14.35
D 1800 359.99  14.35
D 1805 359.99  14.35
D 1810 359.99  14.35
D 1815 359.99  14.35
D 1820 359.99  14.35
D 1825 359.99  14.35
D 1830 359.99  14.35
D 1835 359.99  14.35
D 1840 359.99  14.35
D 1845 359.99  14.35
D 1850 359.99  14.35
D 1855 359.99  14.35
D 1860 359.99  14.35
D 1865 359.99  14.35
D 1870 359.99  14.35
D 1875 359.99  14.35
D 1880 359.99  14.35
D 1885 359.99  14.35
D 1890 359.99  14.35
D 1895 359.99  14.35
D 1900 359.99  14.35
D 1905 359.99  14.35
D 1910 359.99  14.35
D 1915 359.99  14.35
D 1920 359.99  14.35
D 1925 359.99  14.35
D 1930 359.99  14.35
D 1935 359.99  14.35
D 1940 359.99  14.35
D 1945 359.99  14.35
D 1950 359.99  14.35
D 1955 359.99  14.35
D 1960 359.99  14.35
D 1965 359.99  14.35
D 1970 359.99  14.35
D 1975 359.99  14.35
D 1980 359.99  14.35
D 1985 359.99  14.35
D 1990 359.99  14.35
D 1995 359.99  14.35
D 2000 359.99  14.35
D 2005 359.99  14.35
D 2010 359.99  14.35
D 2015 359.99  14.35
D 2020 359.99  14.35
D 2025 359.99  14.35
D 2030 359.99  14.35
D 2035 359.99  14.35
D 2040 359.99  14.35
D 2045 359.99  14.35
D 2050 359.99  14.35
D 2055 359.99  14.35
D 2060 359.99  14.35
D 2065 359.99  14.35
D 2070 359.99  14.35
D 2075 359.99  14.35
D 2080 359.99  14.35
D 2085 359.99  14.35
D 2090 359.99  14.35
D 2095 359.99  14.35
D 2100 359.99  14.35
D 2105 359.99  14.35
D 2110 359.99  14.35
D 2115 359.99  14.35
D 2120 359.99  14.35
D 2125 359.99  14.35
D 2130 359.99  14.35
D 2135 359.99  14.35
D 2140 359.99  14.35
D 2145 359.99  14.35
D 2150 359.99  14.35
D 2155 359.99  14.35
D 2160 359.99  14.35
D 2165 359.99  14.35
D 2170 359.99  14.35
D 2175 359.99  14.35
D 2180 359.99  14.35
D 2185 359.99  14.35
D 2190 359.99  14.35
D 2195 359.99  14.35
D 2200 359.99  14.35
D 2205 359.99  14.35
D 2210 359.99  14.35
D 2215 359.99  14.35
D 2220 359.99  14.35
D 2225 359.99  14.35
D 2230 359.99  14.35
D 2235 359.99  14.35
D 2240 359.99  14.35
D 2245 359.99  14.35
D 2250 359.99  14.35
D 2255 359.99  14.35
D 2260 359.99  14.35
D 2265 359.99  14.35
D 2270 359.99  14.35
D 2275 359.99  14.35
D 2280 359.99  14.35
D 2285 359.99  14.35
D 2290 359.99  14.35
D 2295 359.99  14.35
D 2300 359.99  14.35
D 2305 359.99  14.35
D 2310 359.99  14.35
D 2315 359.99  14.35
D 2320 359.99  14.35
D 2325 359.99  14.35
D 2330 359.99  14.35
D 2335 359.99  14.35
D 2340 359.99  14.35
D 2345 359.99  14.35
D 2350 359.99  14.35
D 2355 359.99  14.35
D 2360 359.99  14.35
D 2365 359.99  14.35
D 2370 359.99  14.35
D 2375 359.99  14.35
D 2380 359.99  14.35
D 2385 359.99  14.35
D 2390 359.99  14.35
D 2395 359.99  14.35
D 2400 359.99  14.34
D 2405 359.99  14.34
D 2410 359.99  14.34
D 2415 359.99  14.35
D 2420 359.99  14.35
D 2425 359.99  14.34
D 2430 359.99  14.34
D 2435 359.99  14.34
D 2440 359.99  14.34
D 2445 359.99  14.34
D 2450 359.99  14.34
D 2455 359.99  14.34
D 2460 359.99  14.34
D 2465 359.99  14.34
D 2470 359.99  14.34
D 2475 359.99  14.34
D 2480 359.99  14.34
D 2485 359.99  14.34
D 2490 359.99  14.34
D 2495 359.99  14.34
D 2500 359.99  14.34
D 2505 359.99  14.34
D 2510 359.99  14.34
D 2515 359.99  14.34
D 2520 359.99  14.34
D 2525 359.99  14.34
D 2530 359.99  14.34
D 2535 359.99  14.34
D 2540 359.99  14.34
D 2545 359.99  14.34
D 2550 359.99  14.34
D 2555 359.99  14.34
D 2560 359.99  14.34
D 2565 359.99  14.34
D 2570 359.99  14.34
D 2575 359.99  14.34
D 2580 359.99  14.34
D 2585 359.99  14.34
D 2590 359.99  14.34
D 2595 359.99  14.34
D 2600 359.99  14.34
D 2605 359.99  14.34
D 2610 359.99  14.34
D 2615 359.99  14.34
D 2620 359.99  14.34
D 2625 359.99  14.34
D 2630 359.99  14.34
D 2635 359.99  14.34
D 2640 359.99  14.34
D 2645 359.99  14.34
D 2650 359.99  14.34
D 2655 359.99  14.34
D 2660 359.99  14.34
D 2665 359.99  14.34
D 2670 359.99  14.34
D 2675 359.99  14.34
D 2680 359.99  14.34
D 2685 359.99  14.34
D 2690 359.99  14.34
D 2695 359.99  14.34
D 2700 359.99  14.34
D 2705 359.99  14.34
D 2710 359.99  14.34
D 2715 359.99  14.34
D 2720 359.99  14.34
D 2725 359.99  14.34
D 2730 359.99  14.34
D 2735 359.99  14.34
D 2740 359.99  14.34
D 2745 359.99  14.34
D 2750 359.99  14.34
D 2755 359.99  14.34
D 2760 359.99  14.34
D 2765 359.99  14.34
D 2770 359.99  14.34
D 2775 359.99  14.34
D 2780 359.99  14.34
D 2785 359.99  14.34
D 2790 359.99  14.34
D 2795 359.99  14.34
D 2800 359.99  14.34
D 2805 359.99  14.34
D 2810 359.99  14.34
D 2815 359.99  14.34
D 2820 359.99  14.34
D 2825 359.99  14.34
D 2830 359.99  14.34
D 2835 359.99  14.34
D 2840 359.99  14.34
D 2845 359.99  14.34
D 2850 359.99  14.34
D 2855 359.99  14.34
D 2860 359.99  14.34
D 2865 359.99  14.34
D 2870 359.99  14.34
D 2875 359.99  14.34
D 2880 359.99  14.34
D 2885 359.99  14.34
D 2890 359.99  14.34
D 2895 359.99  14.34
D 2900 359.99  14.34
D 2905 359.99  14.34
D 2910 359.99  14.34
D 2915 359.99  14.34
D 2920 359.99  14.34
D 2925 359.99  14.34
D 2930 359.99  14.34
D 2935 359.99  14.34
D 2940 359.99  14.34
D 2945 359.99  14.34
D 2950 359.99  14.34
D 2955 359.99  14.34
D 2960 359.99  14.34
D 2965 359.99  14.34
D 2970 359.99  14.34
D 2975 359.99  14.34
D 2980 359.99  14.34
D 2985 359.99  14.34
D 2990 359.99  14.34
D 2995 359.99  14.34
D 3000 359.99  14.34
D 3005 359.99  14.34
D 3010 359.99  14.34
D 3015 359.99  14.34
D 3020 359.99  14.34
D 3025 359.99  14.34
D 3030 359.99  14.34
D 3035 359.99  14.34
D 3040 359.99  14.34
D 3045 359.99  14.34
D 3050 359.99  14.34
D 3055 359.99  14.34
D 3060 359.99  14.34
D 3065 359.99  14.34
D 3070 359.99  14.34
D 3075 359.99  14.34
D 3080 359.99  14.34
D 3085 359.99  14.34
D 3090 359.99  14.34
D 3095 359.99  14.34
D 3100 359.99  14.34
D 3105 359.99  14.34
D 3110 359.99  14.34
D 3115 359.99  14.34
D 3120 359.99  14.34
D 3125 359.99  14.34
D 3130 359.99  14.34
D 3135 359.99  14.34
D 3140 359.99  14.34
D 3145 359.99  14.34
D 3150 359.99  14.34
D 3155 359.99  14.34
D 3160 359.99  14.34
D 3165 359.99  14.34
D 3170 359.99  14.34
D 3175 359.99  14.34
D 3180 359.99  14.34
D 3185 359.99  14.34
D 3190 359.99  14.34
D 3195 359.99  14.34
D 3200 359.99  14.34
D 3205 359.99  14.34
D 3210 359.99  14.34
D 3215 359.99  14.34
D 3220 359.99  14.34
D 3225 359.99  14.34
D 3230 359.99  14.34
D 3235 359.99  14.34
D 3240 359.99  14.34
D 3245 359.99  14.34
D 3250 359.99  14.34
D 3255 359.99  14.34
D 3260 359.99  14.34
D 3265 359.99  14.34
D 3270 359.99  14.34
D 3275 359.99  14.34
D 3280 359.99  14.34
D 3285 359.99  14.34
D 3290 359.99  14.34
D 3295 359.99  14.34
D 3300 359.99  14.34
D 3305 359.99  14.34
D 3310 359.99  14.34
D 3315 359.99  14.34
D 3320 359.99  14.34
D 3325 359.99  14.34
D 3330 359.99  14.34
D 3335 359.99  14.34
D 3340 359.99  14.34
D 3345 359.99  14.34
D 3350 359.99  14.34
D 3355 359.99  14.34
D 3360 359.99  14.34
D 3365 359.99  14.34
D 3370 359.99  14.34
D 3375 359.99  14.34
D 3380 359.99  14.34
D 3385 359.99  14.34
D 3390 359.99  14.34
D 3395 359.99  14.34
D 3400 359.99  14.34
D 3405 359.99  14.34
D 3410 359.99  14.34
D 3415 359.99  14.34
D 3420 359.99  14.34
D 3425 359.99  14.34
D 3430 359.99  14.34
D 3435 359.99  14.34
D 3440 359.99  14.34
D 3445 359.99  14.34
D 3450 359.99  14.34
D 3455 359.99  14.34
D 3460 359.99  14.34
D 3465 359.99  14.34
D 3470 359.99  14.34
D 3475 359.99  14.34
D 3480 359.99  14.34
D 3485 359.99  14.34
D 3490 359.99  14.34
D 3495 359.99  14.34
D 3500 359.99  14.34
D 3505 359.99  14.34
D 3510 359.99  14.34
D 3515 359.99  14.34
D 3520 359.99  14.34
D 3525 359.99  14.34
D 3530 359.99  14.34
D 3535 359.99  14.34
D 3540 359.99  14.34
D 3545 359.99  14.34
D 3550 359.99  14.34
D 3555 359.99  14.34
D 3560 359.99  14.34
D 3565 359.99  14.34
D 3570 359.99  14.34
D 3575 359.99  14.34
D 3580 359.99  14.34
D 3585 359.99  14.34
D 3590 359.99  14.34
D 3595 359.99  14.34
D 3600 359.99  14.34
D 3605 359.99  14.34
D 3610 359.99  14.34
D 3615 359.99  14.34
D 3620 359.99  14.34
D 3625 359.99  14.34
D 3630 359.99  14.34
D 3635 359.99  14.34
D 3640 359.99  14.34
D 3645 359.99  14.34
D 3650 359.99  14.34
D 3655 359.99  14.34
D 3660 359.99  14.34
D 3665 359.99  14.34
D 3670 359.99  14.34
D 3675 359.99  14.34
D 3680 359.99  14.34
D 3685 359.99  14.34
D 3690 359.99  14.34
D 3695 359.99  14.34
D 3700 359.99  14.34
D 3705 359.99  14.34
D 3710 359.99  14.34
D 3715 359.99  14.34
D 3720 359.99  14.34
D 3725 359.99  14.34
D 3730 359.99  14.34
D 3735 359.99  14.34
D 3740 359.99  14.34
D 3745 359.99  14.34
D 3750 359.99  14.34
D 3755 359.99  14.34
D 3760 359.99  14.34
D 3765 359.99  14.34
D 3770 359.99  14.34
D 3775 359.99  14.34
D 3780 359.99  14.34
D 3785 359.99  14.34
D 3790 359.99  14.34
D 3795 359.99  14.34
D 3800 359.99  14.34
D 3805 359.99  14.34
D 3810 359.99  14.34
D 3815 359.99  14.34
D 3820 359.99  14.34
D 3825 359.99  14.34
D 3830 359.99  14.34
D 3835 359.99  14.34
D 3840 359.99  14.34
D 3845 359.99  14.34
D 3850 359.99  14.34
D 3855 359.99  14.34
D 3860 359.99  14.34
D 3865 359.99  14.34
D 3870 359.99  14.34
D 3875 359.99  14.34
D 3880 359.99  14.34
D 3885 359.99  14.34
D 3890 359.99  14.34
D 3895 359.99  14.34
D 3900 359.99  14.34
D 3905 359.99  14.34
D 3910 359.99  14.34
D 3915 359.99  14.34
D 3920 359.99  14.34
D 3925 359.99  14.34
D 3930 359.99  14.34
D 3935 359.99  14.34
D 3940 359.99  14.34
D 3945 359.99  14.34
D 3950 359.99  14.34
D 3955 359.99  14.34
D 3960 359.99  14.34
D 3965 359.99  14.34
D 3970 359.99  14.34
D 3975 359.99  14.34
D 3980 359.99  14.34
D 3985 359.99  14.34
D 3990 359.99  14.34
D 3995 359.99  14.34
D 4000 359.99  14.34
D 4005 359.99  14.34
D 4010 359.99  14.34
D 4015 359.99  14.34
D 4020 359.99  14.34
D 4025 359.99  14.34
D 4030 359.99  14.34
D 4035 359.99  14.34
D 4040 359.99  14.34
D 4045 359.99  14.34
D 4050 359.99  14.34
D 4055 359.99  14.34
D 4060 359.99  14.34
D 4065 359.99  14.34
D 4070 359.99  14.34
D 4075 359.99  14.34
D 4080 359.99  14.34
D 4085 359.99  14.34
D 4090 359.99  14.34
D 4095 359.99  14.34
D 4100 359.99  14.34
D 4105 359.99  14.34
D 4110 359.99  14.34
D 4115 359.99  14.34
D 4120 359.99  14.34
D 4125 359.99  14.34
D 4130 359.99  14.34
D 4135 359.99  14.34
D 4140 359.99  14.34
D 4145 359.99  14.34
D 4150 359.99  14.34
D 4155 359.99  14.34
D 4160 359.99  14.34
D 4165 359.99  14.34
D 4170 359.99  14.34
D 4175 359.99  14.34
D 4180 359.99  14.34
D 4185 359.99  14.34
D 4190 359.99  14.34
D 4195 359.99  14.34
D 4200 359.99  14.34
D 4205 359.99  14.34
D 4210 359.99  14.34
D 4215 359.99  14.34
D 4220 359.99  14.34
D 4225 359.99  14.34
D 4230 359.99  14.34
D 4235 359.99  14.34
D 4240 359.99  14.34
D 4245 359.99  14.34
D 4250 359.99  14.34
D 4255 359.99  14.34
D 4260 359.99  14.34
D 4265 359.99  14.34
D 4270 359.99  14.34
D 4275 359.99  14.34
D 4280 359.99  14.34
D 4285 359.99  14.34
D 4290 359.99  14.34
D 4295 359.99  14.34
D 4300 359.99  14.34
D 4305 359.99  14.34
D 4310 359.99  14.34
D 4315 359.99  14.34
D 4320 359.99  14.34
D 4325 359.99  14.34
D 4330 359.99  14.34
D 4335 359.99  14.34
D 4340 359.99  14.34
D 4345 359.99  14.34
D 4350 359.99  14.34
D 4355 359.99  14.34
D 4360 359.99  14.34
D 4365 359.99  14.34
D 4370 359.99  14.34
D 4375 359.99  14.34
D 4380 359.99  14.34
D 4385 359.99  14.34
D 4390 359.99  14.34
D 4395 359.99  14.34
D 4400 359.99  14.34
D 4405 359.99  14.34
D 4410 359.99  14.34
D 4415 359.99  14.34
D 4420 359.99  14.34
D 4425 359.99  14.34
D 4430 359.99  14.34
D 4435 359.99  14.34
D 4440 359.99  14.34
D 4445 359.99  14.34
D 4450 359.99  14.34
D 4455 359.99  14.34
D 4460 359.99  14.34
D 4465 359.99  14.34
D 4470 359.99  14.34
D 4475 359.99  14.34
D 4480 359.99  14.34
D 4485 359.99  14.34
D 4490 359.99  14.34
D 4495 359.99  14.34
D 4500 359.99  14.34
D 4505 359.99  14.34
D 4510 359.99  14.34
D 4515 359.99  14.34
D 4520 359.99  14.34
D 4525 359.99  14.34
D 4530 359.99  14.34
D 4535 359.99  14.34
D 4540 359.99  14.34
D 4545 359.99  14.34
D 4550 359.99  14.34
D 4555 359.99  14.34
D 4560 359.99  14.34
D 4565 359.99  14.34
D 4570 359.99  14.34
D 4575 359.99  14.34
D 4580 359.99  14.34
D 4585 359.99  14.34
D 4590 359.99  14.34
D 4595 359.99  14.34
D 4600 359.99  14.34
D 4605 359.99  14.34
D 4610 359.99  14.34
D 4615 359.99  14.34
D 4620 359.99  14.34
D 4625 359.99  14.34
D 4630 359.99  14.34
D 4635 359.99  14.34
D 4640 359.99  14.34
D 4645 359.99  14.34
D 4650 359.99  14.34
D 4655 359.99  14.34
D 4660 359.99  14.34
D 4665 359.99  14.34
D 4670 359.99  14.34
D 4675 359.99  14.34
D 4680 359.99  14.34
D 4685 359.99  14.34
D 4690 359.99  14.34
D 4695 359.99  14.34
D 4700 359.99  14.34
D 4705 359.99  14.34
D 4710 359.99  14.34
D 4715 359.99  14.34
D 4720 359.99  14.34
D 4725 359.99  14.34
D 4730 359.99  14.34
D 4735 359.99  14.34
D 4740 359.99  14.34
D 4745 359.99  14.34
D 4750 359.99  14.34
D 4755 359.99  14.34
D 4760 359.99  14.34
D 4765 359.99  14.34
D 4770 359.99  14.34
D 4775 359.99  14.34
D 4780 359.99  14.34
D 4785 359.99  14.34
D 4790 359.99  14.34
D 4795 359.99  14.34
D 4800 359.99  14.34
D 4805 359.99  14.34
D 4810 359.99  14.34
D 4815 359.99  14.34
D 4820 359.99  14.34
D 4825 359.99  14.34
D 4830 359.99  14.34
D 4835 359.99  14.34
D 4840 359.99  14.34
D 4845 359.99  14.34
D 4850 359.99  14.34
D 4855 359.99  14.34
D 4860 359.99  14.34
D 4865 359.99  14.34
D 4870 359.99  14.34
D 4875 359.99  14.34
D 4880 359.99  14.34
D 4885 359.99  14.34
D 4890 359.99  14.34
D 4895 359.99  14.34
D 4900 359.99  14.34
D 4905 359.99  14.34
D 4910 359.99  14.34
D 4915 359.99  14.34
D 4920 359.99  14.34
D 4925 359.99  14.34
D 4930 359.99  14.34
D 4935 359.99  14.34
D 4940 359.99  14.34
D 4945 359.99  14.34
D 4950 359.99  14.34
D 4955 359.99  14.34
D 4960 359.99  14.34
D 4965 359.99  14.34
D 4970 359.99  14.34
D 4975 359.99  14.34
D 4980 359.99  14.34
D 4985 359.99  14.34
D 4990 359.99  14.34
E 4995 359.99  14.34
S 25/02/19 08:39:23
D    0   9.42  21.31
D    5   9.42  21.31
D   10   9.42  21.31
D   15   9.42  21.31
D   20   9.42  21.31
D   25   9.42  21.31
D   30   9.42  21.31
D   35   9.42  21.31
D   40   9.42  21.31
E   45   9.42  21.31
S 25/02/20 09:48:31
D    0  61.53   0.48
D    5  61.53   0.48
D   10  61.53   0.48
D   15  61.53   0.48
D   20  61.54   0.48
D   25  61.83   0.49
D   30  61.96   0.69
D   35  62.01   0.61
D   40  62.01   0.75
D   45  52.87   8.47
D   50  38.79  11.50
D   55  28.63  14.19
D   60  15.47  20.12
D   65   3.41  24.03
D   70 352.41  28.73
D   75 340.59  32.04
D   80 332.84  35.26
D   85 331.21  34.96
D   90 330.50  34.94
D   95 324.91  34.91
D  100 322.76  34.87
D  105 320.30  34.62
D  110 317.54  33.70
D  115 314.94  32.41
D  120 312.81  32.24
D  125 309.91  32.25
D  130 310.58  30.70
D  135 310.95  29.32
D  140 311.45  27.66
D  145 311.69  25.80
D  150 312.43  24.27
D  155 312.80  23.01
D  160 313.17  21.81
D  165 313.35  20.88
D  170 313.51  20.16
D  175 314.00  19.40
D  180 314.68  18.85
D  185 315.55  18.26
D  190 316.73  17.93
D  195 317.69  17.73
D  200 318.71  17.66
D  205 319.70  17.62
D  210 320.56  17.64
D  215 321.42  17.62
D  220 322.13  17.58
D  225 322.74  17.49
D  230 323.33  17.40
D  235 323.93  17.27
D  240 324.41  17.07
D  245 324.81  16.90
D  250 325.24  16.71
D  255 325.58  16.48
D  260 325.86  16.26
D  265 326.13  16.01
D  270 326.33  15.76
D  275 326.54  15.55
D  280 326.79  15.31
D  285 327.03  15.10
D  290 327.29  14.85
D  295 327.50  14.63
D  300 327.71  14.44
D  305 327.91  14.23
D  310 328.12  14.02
D  315 328.35  13.84
D  320 328.56  13.66
D  325 328.80  13.48
D  330 328.96  13.36
D  335 329.24  13.16
D  340 329.50  13.01
D  345 329.77  12.87
D  350 330.06  12.76
D  355 330.35  12.63
D  360 330.70  12.51
D  365 331.08  12.41
D  370 331.46  12.31
D  375 331.80  12.21
D  380 332.21  12.16
D  385 332.64  12.08
D  390 333.04  12.00
D  395 333.45  11.95
D  400 333.86  11.90
D  405 334.21  11.85
D  410 334.59  11.79
D  415 334.91  11.78
D  420 335.30  11.75
D  425 335.66  11.71
D  430 336.01  11.68
D  435 336.39  11.67
D  440 336.72  11.65
D  445 337.04  11.65
D  450 337.38  11.65
D  455 337.73  11.65
D  460 338.01  11.65
D  465 338.34  11.65
D  470 338.63  11.65
D  475 338.93  11.66
D  480 339.22  11.68
D  485 339.48  11.67
D  490 339.84  11.71
D  495 340.14  11.73
D  500 340.49  11.76
D  505 340.77  11.78
D  510 341.06  11.80
D  515 341.41  11.82
D  520 341.68  11.86
D  525 341.95  11.86
D  530 342.22  11.90
D  535 342.49  11.91
D  540 342.71  11.93
D  545 342.97  11.98
D  550 343.20  11.94
D  555 343.44  11.97
D  560 343.63  11.98
D  565 343.89  11.98
D  570 344.16  12.01
D  575 344.39  12.01
D  580 344.59  12.01
D  585 345.19  12.02
D  590 345.55  12.00
D  595 345.83  11.99
D  600 346.30  11.97
D  605 346.54  11.97
D  610 347.15  11.96
D  615 347.90  11.96
D  620 349.01  11.93
D  625 349.10  11.84
D  630 349.23  11.80
D  635 349.26  11.80
D  640 349.30  11.78
D  645 349.33  11.77
D  650 349.34  11.76
D  655 349.34  11.77
D  660 349.51  11.69
D  665 349.52  11.69
D  670 350.13  11.67
D  675 351.07  11.53
D  680 349.56  11.66
D  685 349.56  11.66
D  690 349.24  11.74
D  695 349.93  11.63
D  700 351.31  12.02
D  705 349.50  11.76
D  710 349.51  11.76
D  715 349.51  11.76
D  720 349.51  11.76
D  725 349.51  11.76
D  730 349.51  11.76
D  735 349.51  11.76
D  740 349.51  11.76
D  745 349.51  11.76
D  750 349.54  11.77
D  755 349.72  11.76
E  760 349.75  11.76
S 25/02/20 10:10:31
D    0   0.27 359.97
D    5   0.27 359.97
D   10   0.27 359.97
D   15   0.32   0.06
D   20 358.12   1.17
D   25 357.46   1.16
D   30 357.45   1.20
D   35 357.52   1.20
D   40 357.52   1.20
D   45 357.53   1.20
D   50 357.57   1.20
D   55 355.46  10.81
D   60 353.53  14.47
D   65 304.55  25.16
D   70 296.36  51.37
D   75 286.65  60.56
D   80 273.16  61.71
S 25/02/20 10:16:24
D    0   4.46  41.45
D    5   4.53  41.67
D   10   5.25  40.81
D   15   5.63  40.94
D   20   6.03  41.00
D   25   6.43  41.12
D   30   6.95  41.12
D   35   7.39  41.12
D   40   7.54  41.26
D   45   7.94  41.34
D   50   8.41  41.26
D   55   8.59  41.44
D   60   8.83  41.48
D   65   9.35  41.48
D   70   9.52  41.54
D   75   9.75  41.52
D   80   8.22  41.44
D   85   7.66  41.35
D   90   9.66  41.01
D   95  10.75  41.30
D  100  10.13  41.40
D  105  10.39  40.97
D  110  10.42  40.90
D  115  10.33  40.91
D  120  10.76  40.82
D  125  11.06  40.88
D  130  11.35  40.79
D  135  11.63  40.69
D  140  11.85  40.68
D  145  12.23  40.64
D  150  12.80  40.70
D  155  13.13  40.78
D  160  13.59  40.77
D  165  13.96  40.85
D  170  14.19  40.82
D  175  14.47  40.91
D  180  14.92  41.02
D  185  15.12  41.00
D  190  15.07  40.99
D  195  15.27  40.99
D  200  15.54  40.99
D  205  15.78  41.00
D  210  16.06  40.97
D  215  16.20  40.96
D  220  16.28  40.84
D  225  16.56  40.91
D  230  16.71  40.78
D  235  16.70  40.82
D  240  16.88  40.88
D  245  16.94  40.83
D  250  17.11  40.83
D  255  17.41  40.84
D  260  17.54  40.78
D  265  17.90  40.83
D  270  18.05  40.78
D  275  18.09  40.82
D  280  18.28  40.82
D  285  18.45  40.81
D  290  18.81  40.85
D  295  19.10  40.85
D  300  19.30  40.95
D  305  19.55  40.92
D  310  19.68  40.88
D  315  19.96  40.88
D  320  20.15  40.90
D  325  20.41  40.89
D  330  20.56  40.85
D  335  20.70  40.83
D  340  20.86  40.76
D  345  20.93  40.75
D  350  21.03  40.75
D  355  21.12  40.80
D  360  21.23  40.75
D  365  21.35  40.72
D  370  21.40  40.68
D  375  21.54  40.58
D  380  21.65  40.54
D  385  21.88  40.58
D  390  22.02  40.53
D  395  22.26  40.46
D  400  22.37  40.41
D  405  22.51  40.31
D  410  22.61  40.20
D  415  22.63  40.06
D  420  22.91  40.06
D  425  23.04  39.96
D  430  23.18  39.90
D  435  23.36  39.89
D  440  23.43  39.81
D  445  23.73  39.75
D  450  23.82  39.64
D  455  24.01  39.59
D  460  24.13  39.46
D  465  24.51  39.46
D  470  24.67  39.41
D  475  24.90  39.34
D  480  24.89  39.45
D  485  25.02  39.30
D  490  25.13  39.31
D  495  25.34  39.36
D  500  25.56  39.24
D  505  25.86  39.32
D  510  26.10  39.36
D  515  26.37  39.42
D  520  26.62  39.32
D  525  26.96  39.47
D  530  27.25  39.56
D  535  27.50  39.65
D  540  27.76  39.72
D  545  28.06  39.72
D  550  28.22  39.74
D  555  28.48  39.71
D  560  28.70  39.82
D  565  29.17  39.86
D  570  29.35  39.93
D  575  29.67  39.95
D  580  29.98  39.95
D  585  30.30  39.95
D  590  30.55  39.98
D  595  30.84  39.98
D  600  31.10  40.02
D  605  31.29  40.01
D  610  31.44  40.05
D  615  31.81  40.06
D  620  31.99  40.06
D  625  32.06  40.06
D  630  32.28  40.07
D  635  32.43  40.09
D  640  32.69  40.13
D  645  32.85  40.08
D  650  33.03  40.08
D  655  33.13  40.12
D  660  33.36  40.06
D  665  33.49  40.01
D  670  33.75  40.03
D  675  34.10  40.04
D  680  34.37  40.01
D  685  34.70  40.00
D  690  35.03  40.00
D  695  35.26  39.97
D  700  35.62  39.96
D  705  35.84  39.94
D  710  36.05  39.95
D  715  36.24  40.03
D  720  36.47  39.99
D  725  36.65  39.93
D  730  36.90  39.92
D  735  37.08  39.88
D  740  37.30  39.82
D  745  37.63  39.88
D  750  37.82  39.92
D  755  38.11  39.99
D  760  38.52  40.02
D  765  38.83  40.03
D  770  39.04  40.08
D  775  39.35  40.16
D  780  39.55  40.12
D  785  39.91  40.15
D  790  40.20  40.18
D  795  40.51  40.23
D  800  40.68  40.26
D  805  41.01  40.28
D  810  41.37  40.34
D  815  41.50  40.33
D  820  41.80  40.36
D  825  42.06  40.33
D  830  42.34  40.38
D  835  42.60  40.40
D  840  42.89  40.39
D  845  43.10  40.35
D  850  43.41  40.34
D  855  43.60  40.27
D  860  43.93  40.25
D  865  44.16  40.25
D  870  44.41  40.19
D  875  44.63  40.11
D  880  44.85  40.07
D  885  45.14  40.10
D  890  45.25  40.06
D  895  45.46  39.99
D  900  45.65  39.95
D  905  45.87  39.89
D  910  46.09  39.84
D  915  46.31  39.77
D  920  46.50  39.70
D  925  46.72  39.70
D  930  46.92  39.64
D  935  47.12  39.58
D  940  47.31  39.53
D  945  47.46  39.48
D  950  47.68  39.43
D  955  47.89  39.40
D  960  48.08  39.35
D  965  48.28  39.26
D  970  48.42  39.22
D  975  48.61  39.19
D  980  48.82  39.15
D  985  49.06  39.07
D  990  49.05  39.08
D  995  49.26  38.97
D 1000  49.43  38.91
D 1005  49.67  38.92
D 1010  49.81  38.89
D 1015  50.02  38.89
D 1020  50.16  38.77
D 1025  50.33  38.78
D 1030  50.46  38.72
D 1035  50.58  38.65
D 1040  50.70  38.59
D 1045  50.83  38.55
D 1050  51.03  38.50
D 1055  51.14  38.47
D 1060  51.25  38.46
D 1065  51.47  38.36
D 1070  51.66  38.33
D 1075  52.00  38.28
D 1080  52.17  38.22
D 1085  52.48  38.18
E 1090  52.76  38.11
S 25/02/20 10:34:41
D    0  52.87  38.11
E    2  52.86  38.11
S 25/02/20 10:36:00
D    0  58.95   0.39
D    5  58.96   0.38
D   10  58.15   0.41
D   15  58.55   0.69
D   20  58.60   0.61
D   25  58.41   0.62
D   30  52.66   8.66
D   35  44.47  17.93
D   40  32.56  32.45
D   45   8.72  38.25
D   50 349.54  39.39
D   55 345.71  36.75
D   60 323.51  38.63
D   65 315.44  33.60
D   70 311.76  30.38
D   75 309.20  27.45
D   80 308.46  24.88
D   85 306.47  22.80
D   90 305.35  22.11
D   95 304.23  21.06
D  100 303.28  20.39
D  105 302.90  19.81
D  110 302.10  19.45
D  115 301.42  18.94
D  120 301.03  18.98
D  125 300.51  18.50
D  130 300.48  18.42
D  135 299.23  18.42
D  140 299.76  18.14
D  145 300.26  18.13
D  150 301.19  18.18
D  155 301.75  18.17
D  160 302.26  18.14
D  165 302.85  18.26
D  170 303.51  18.23
D  175 304.44  18.27
D  180 305.33  18.46
D  185 306.58  18.60
D  190 307.79  18.73
D  195 308.86  18.86
D  200 309.96  18.87
D  205 311.15  18.83
D  210 312.11  18.72
D  215 313.21  18.68
D  220 314.15  18.60
D  225 315.16  18.42
D  230 316.05  18.38
D  235 316.78  18.26
D  240 317.46  18.08
D  245 318.41  18.00
D  250 318.88  17.84
D  255 319.78  17.65
D  260 320.45  17.49
D  265 321.18  17.38
D  270 321.81  17.20
D  275 322.42  17.06
D  280 323.15  16.98
D  285 323.96  16.85
D  290 324.68  16.69
D  295 325.40  16.63
D  300 326.16  16.60
D  305 326.89  16.54
D  310 327.66  16.53
D  315 328.45  16.51
D  320 329.08  16.41
D  325 329.72  16.47
D  330 330.39  16.48
D  335 331.13  16.46
D  340 331.70  16.46
D  345 332.30  16.45
D  350 333.00  16.45
D  355 333.68  16.52
D  360 334.24  16.56
D  365 334.81  16.58
D  370 335.36  16.57
D  375 335.93  16.63
D  380 336.36  16.65
D  385 336.87  16.72
D  390 337.32  16.78
D  395 337.77  16.78
D  400 338.19  16.76
D  405 338.71  16.78
D  410 339.13  16.76
D  415 339.68  16.73
D  420 340.23  16.76
D  425 340.82  16.77
D  430 341.39  16.78
D  435 341.97  16.78
D  440 342.55  16.73
D  445 343.15  16.71
D  450 343.74  16.69
D  455 344.32  16.67
D  460 344.81  16.67
D  465 345.27  16.66
D  470 345.85  16.69
D  475 346.30  16.70
D  480 346.82  16.69
D  485 347.30  16.76
D  490 347.76  16.78
D  495 348.29  16.84
D  500 348.71  16.88
D  505 349.18  16.93
D  510 349.56  16.97
D  515 350.03  17.01
D  520 350.40  17.08
D  525 350.81  17.13
D  530 351.20  17.18
D  535 351.59  17.24
D  540 351.93  17.29
D  545 352.31  17.34
D  550 352.70  17.41
D  555 353.00  17.45
D  560 353.36  17.51
D  565 353.66  17.57
D  570 353.96  17.62
D  575 354.22  17.65
D  580 354.41  17.68
D  585 354.67  17.70
D  590 355.02  17.77
D  595 355.20  17.81
D  600 355.39  17.86
D  605 355.58  17.89
D  610 355.78  17.94
D  615 355.95  17.97
D  620 356.11  17.98
D  625 356.26  18.03
D  630 356.36  18.00
D  635 356.48  18.08
D  640 356.61  18.10
D  645 356.86  18.08
D  650 356.93  18.13
D  655 357.09  18.15
D  660 357.25  18.16
D  665 357.45  18.19
D  670 357.66  18.22
D  675 357.89  18.26
D  680 358.07  18.25
D  685 358.27  18.21
D  690 358.56  18.21
D  695 358.78  18.21
D  700 359.05  18.21
D  705 359.29  18.16
D  710 359.56  18.20
D  715 359.78  18.20
D  720   0.08  18.19
D  725   0.30  18.19
D  730   0.56  18.19
D  735   0.76  18.19
D  740   0.96  18.14
D  745   1.24  18.16
D  750   1.49  18.14
D  755   1.65  18.13
D  760   1.92  18.12
D  765   2.15  18.09
D  770   2.32  18.10
D  775   2.53  18.08
D  780   2.72  18.07
D  785   2.96  18.07
D  790   3.17  18.06
D  795   3.34  18.04
D  800   3.43  18.00
D  805   3.57  18.00
D  810   3.85  18.00
D  815   4.03  17.99
D  820   4.11  17.95
D  825   4.39  17.95
D  830   4.53  17.97
D  835   4.62  17.93
D  840   4.81  17.91
D  845   4.96  17.91
D  850   5.13  17.91
D  855   5.24  17.91
D  860   5.31  17.91
D  865   5.52  17.88
D  870   5.60  17.90
D  875   5.69  17.89
D  880   5.80  17.87
D  885   5.95  17.87
D  890   6.06  17.87
D  895   6.22  17.87
D  900   6.19  17.87
E  905   6.19  17.87
S 25/02/20 10:54:00
D    0  59.88   1.39
D    5  58.29   1.66
D   10  58.81   0.60
D   15  58.81   0.91
D   20  58.81   0.81
D   25  58.91   0.80
D   30  59.14   0.75
D   35  46.21  10.25
D   40  36.78  18.49
D   45  12.62  20.46
D   50 359.19  31.73
D   55 348.95  40.82
D   60 340.28  42.28
D   65 327.45  46.10
D   70 317.30  51.65
D   75 309.35  53.74
D   80 305.91  59.70
D   85 309.05  41.91
D   90 308.44  25.63
D   95 308.62  23.04
D  100 307.06  21.75
D  105 306.33  20.80
D  110 305.40  20.30
D  115 304.74  19.49
D  120 304.51  18.99
D  125 304.21  18.49
D  130 303.92  18.18
D  135 303.68  17.77
D  140 303.72  17.61
D  145 303.22  17.59
D  150 303.20  17.59
D  155 303.24  17.41
D  160 303.45  17.56
D  165 303.59  17.14
D  170 303.81  17.21
D  175 303.94  17.28
D  180 304.20  17.20
D  185 304.57  17.14
D  190 304.78  17.02
D  195 305.13  16.92
D  200 305.50  16.94
D  205 306.72  16.94
D  210 307.78  16.83
D  215 307.83  16.37
D  220 308.88  16.25
D  225 309.89  16.11
D  230 310.77  16.11
D  235 311.62  15.84
D  240 312.59  15.92
D  245 313.44  15.82
D  250 314.10  15.74
D  255 314.91  15.62
D  260 315.61  15.57
D  265 316.41  15.44
D  270 316.91  15.34
D  275 317.59  15.24
D  280 318.18  15.24
D  285 318.84  15.18
D  290 319.42  15.21
D  295 320.08  15.19
D  300 320.73  15.22
D  305 321.40  15.23
D  310 322.31  15.20
D  315 322.77  15.20
D  320 323.43  15.25
D  325 324.18  15.25
D  330 324.72  15.25
D  335 325.43  15.30
D  340 326.01  15.30
D  345 326.68  15.38
D  350 327.32  15.38
D  355 327.93  15.38
D  360 328.76  15.45
D  365 329.42  15.45
D  370 330.06  15.54
D  375 330.75  15.45
D  380 331.45  15.52
D  385 332.20  15.52
D  390 332.84  15.52
D  395 333.42  15.52
D  400 334.10  15.56
D  405 334.64  15.56
D  410 335.13  15.61
D  415 335.76  15.61
D  420 336.22  15.61
D  425 336.09  15.68
D  430 336.88  15.65
D  435 337.56  15.63
D  440 337.94  15.63
D  445 338.45  15.63
D  450 338.85  15.63
D  455 339.30  15.68
D  460 339.66  15.68
D  465 340.16  15.68
D  470 340.61  15.68
D  475 341.13  15.68
D  480 341.64  15.68
D  485 342.06  15.68
D  490 342.66  15.74
D  495 343.13  15.80
D  500 343.77  15.80
D  505 344.18  15.90
D  510 344.85  15.89
D  515 345.24  15.83
D  520 345.85  15.96
D  525 346.54  16.03
D  530 346.99  16.03
D  535 347.44  16.07
D  540 348.13  16.12
D  545 348.72  16.12
D  550 349.07  16.19
D  555 349.57  16.19
D  560 350.05  16.21
D  565 350.53  16.18
D  570 350.83  16.30
D  575 351.44  16.30
D  580 351.84  16.33
D  585 352.37  16.36
D  590 352.74  16.37
D  595 353.28  16.40
D  600 353.59  16.40
D  605 353.97  16.43
D  610 354.32  16.47
D  615 354.65  16.49
D  620 355.09  16.54
D  625 355.37  16.54
D  630 355.77  16.58
D  635 356.03  16.59
D  640 356.42  16.62
D  645 356.66  16.65
D  650 357.01  16.68
D  655 357.21  16.70
D  660 357.50  16.74
D  665 357.76  16.76
D  670 358.07  16.78
D  675 358.27  16.79
D  680 358.51  16.79
D  685 358.71  16.79
D  690 358.99  16.82
D  695 359.31  16.84
D  700 359.33  16.84
D  705 359.49  16.85
D  710 359.66  16.86
D  715 359.83  16.86
D  720   0.00  16.86
D  725   0.18  16.86
D  730   0.36  16.86
D  735   0.54  16.85
D  740   0.79  16.84
D  745   0.91  16.82
D  750   1.17  16.82
D  755   1.35  16.80
D  760   1.54  16.80
D  765   1.75  16.80
D  770   1.97  16.80
D  775   2.15  16.80
D  780   2.33  16.80
D  785   2.63  16.80
D  790   2.93  16.80
D  795   3.01  16.80
D  800   3.24  16.80
D  805   3.39  16.83
D  810   3.67  16.79
D  815   3.94  16.77
D  820   4.16  16.77
D  825   4.46  16.75
D  830   4.66  16.72
D  835   4.93  16.70
D  840   5.16  16.70
D  845   5.34  16.66
D  850   5.75  16.66
D  855   6.01  16.66
D  860   6.20  16.62
D  865   6.48  16.59
D  870   6.75  16.55
D  875   6.96  16.51
D  880   7.21  16.51
D  885   7.47  16.51
D  890   7.69  16.48
D  895   7.91  16.48
D  900   8.10  16.45
D  905   8.25  16.44
D  910   8.47  16.44
D  915   8.64  16.41
D  920   8.78  16.41
E  925   8.91  16.39
S 25/02/20 11:13:31
D    0  58.62   0.65
D    5  58.62   0.65
D   10  58.60   0.72
D   15  58.14   0.75
D   20  58.14   0.82
D   25  58.14   0.84
D   30  58.13   0.88
D   35  58.13   0.91
D   40  58.13   0.89
D   45  58.10   0.76
D   50  58.06   0.86
D   55  47.80  20.54
D   60  35.63  35.49
D   65  15.75  48.98
D   70 356.36  50.75
D   75 334.03  41.17
D   80 328.22  49.80
D   85 315.13  51.17
D   90 305.60  45.16
S 25/02/20 13:41:31
D    0  75.31   2.21
D    5  75.53   2.19
D   10  75.47   2.16
D   15  75.36   0.68
D   20  73.62   0.68
D   25  62.32  18.03
D   30  32.48  26.38
D   35   9.27  24.13
D   40 353.98  32.62
D   45 345.84  31.08
S 25/02/20 14:14:11
D    0  75.89   1.46
D    5  76.03   1.18
D   10  74.64   1.14
D   15  74.54   1.11
D   20  74.53   1.13
D   25  70.44  23.36
D   30  43.92  44.87
D   35  17.58  61.53
D   40 352.80  63.58
D   45 339.38  63.54
D   50 330.75  57.55
D   55 326.39  51.81
D   60 320.70  51.89
D   65 315.90  47.75
D   70 308.29  47.83
D   75 313.01  45.86
D   80 316.33  42.60
D   85 315.59  40.10
D   90 318.27  41.90
D   95 306.95  41.79
D  100 315.90   0.03
D  105 325.07 355.94
D  110 330.54 359.17
D  115 333.53 359.53
D  120 333.50 359.70
D  125 326.91  15.28
D  130 338.74   4.02
D  135 342.70 358.98
D  140 345.92 359.18
D  145 352.11 355.16
D  150 352.35 353.53
D  155 346.55 355.34
D  160 345.51 356.90
D  165 347.06 357.19
D  170 346.98 357.08
D  175 346.96 359.48
D  180 346.78   0.15
D  185 346.85   0.17
D  190 346.85   0.17
D  195 346.85   0.17
D  200 346.85   0.17
D  205 346.85   0.17
D  210 346.85   0.17
D  215 346.85   0.17
D  220 346.85   0.17
D  225 346.85   0.17
D  230 346.85   0.17
D  235 346.85   0.17
E  240  77.49 328.63
S 25/02/20 14:24:57
D    0  75.87   1.34
E    1  75.86   1.34
S 25/02/20 14:25:01
D    0  75.80   1.34
E    0  75.80   1.34
S 25/02/20 14:25:09
D    0  75.80   1.34
D    5  75.80   1.34
D   10  75.36   1.34
D   15  75.35   1.34
D   20  74.48   1.34
D   25  74.70   1.35
D   30  73.13   2.64
D   35  64.58  11.79
D   40  55.54  27.90
D   45  31.43  36.53
D   50 349.99  35.44
D   55 342.54  34.50
D   60 325.65  34.93
D   65 316.10  34.75
D   70 310.34  32.08
D   75 308.83  30.50
D   80 304.03  29.49
D   85 302.11  27.85
D   90 300.98  27.50
D   95 301.62  27.33
D  100 298.44  27.43
D  105 298.58  27.15
D  110 298.82  24.16
D  115 304.04  19.28
D  120 304.41  18.83
D  125 299.18  25.92
D  130 299.26  25.93
D  135 301.40  25.80
D  140 300.77  25.79
D  145 301.70  25.59
D  150 302.11  26.30
D  155 302.14  26.06
D  160 302.16  25.41
D  165 302.13  22.66
D  170 303.94  21.93
D  175 305.72  21.84
D  180 306.90  18.33
D  185 307.24  17.99
D  190 309.10  18.76
D  195 310.16  18.58
D  200 310.16  18.57
D  205 310.17  18.55
D  210 310.24  18.44
D  215 310.24  18.44
D  220 310.24  18.44
D  225 310.23  18.42
D  230 310.23  18.42
D  235  42.27  18.42
D  240  42.29 348.94
D  245  77.11   2.59
D  250  77.08 359.89
D  255  77.06 359.89
D  260  76.78 359.89
D  265  73.79 359.99
D  270  73.81 359.99
D  275  75.06 359.86
D  280  75.29   0.80
D  285  75.27   0.79
S 25/02/20 14:34:00
D    0 359.62   1.19
D    5 359.63   1.19
D   10 359.63   1.19
D   15 359.71   1.19
D   20 359.72   2.41
D   25 359.68   1.13
D   30 348.85  24.38
D   35 336.88  31.37
D   40 284.90  56.08
D   45 258.54  56.25
D   50 247.68  56.19
D   55 242.25  47.38
D   60 241.30  45.40
D   65 235.33  38.31
D   70 238.81  34.82
D   75 239.01  33.38
D   80 237.78  28.60
D   85 236.48  25.67
D   90 234.67  24.44
D   95 234.74  24.04
D  100 234.35  23.41
D  105 233.47  22.88
D  110 232.91  22.32
D  115 232.90  21.55
D  120 232.80  20.95
D  125 233.03  20.60
D  130 232.58  20.03
D  135 233.20  19.44
D  140 233.66  18.90
D  145 233.70  18.13
D  150 233.81  17.65
D  155 234.08  17.30
D  160 234.26  17.07
D  165 234.48  16.83
D  170 234.68  16.59
D  175 234.93  16.37
D  180 235.32  16.30
D  185 235.76  16.12
D  190 236.07  15.95
D  195 236.40  15.88
D  200 236.96  15.71
D  205 237.20  15.54
D  210 237.85  15.47
D  215 238.53  15.41
D  220 239.23  15.35
D  225 240.06  15.27
D  230 240.88  15.27
D  235 241.63  15.25
D  240 242.63  15.35
D  245 243.66  15.33
D  250 244.43  15.37
D  255 245.44  15.45
D  260 246.56  15.51
D  265 247.46  15.57
D  270 248.65  15.57
D  275 249.56  15.57
D  280 250.60  15.66
D  285 251.53  15.66
D  290 252.42  15.58
D  295 253.79  15.58
D  300 254.93  15.50
D  305 255.63  15.41
D  310 256.67  15.32
D  315 257.48  15.30
D  320 258.35  15.19
D  325 259.19  15.13
D  330 259.88  15.08
D  335 260.51  14.92
D  340 261.29  14.92
D  345 261.98  14.85
D  350 262.46  14.80
D  355 263.13  14.79
D  360 263.70  14.70
D  365 264.44  14.70
D  370 265.13  14.70
D  375 265.66  14.61
D  380 266.18  14.61
D  385 266.71  14.61
D  390 267.28  14.61
D  395 267.87  14.61
D  400 268.41  14.61
D  405 269.05  14.65
D  410 270.63  14.65
D  415 273.28  14.65
D  420 273.28  14.65
D  425 278.15  14.66
D  430 284.79  14.65
E  435 284.66  14.65
S 25/02/21 13:03:23
D    0 359.99   8.66
E    1 359.99   8.66
S 25/08/29 08:31:08
D    0 113.99  25.16
D    5 115.04  25.08
D   10 115.24  25.23
D   15 116.58  26.95
D   20 118.17  27.21
D   25 118.46  26.17
D   30 117.96  25.71
D   35 116.70  25.93
D   40 116.25  25.99
D   45 117.81  26.23
D   50 116.19  24.02
D   55 116.20  21.02
D   60 115.62  19.73
D   65 116.24  20.40
D   70 116.97  21.83
D   75 118.61  22.13
D   80 121.57  22.45
D   85 122.66  20.82
D   90 122.17  19.63
D   95 121.68  19.50
D  100 121.28  20.58
D  105 121.34  21.23
D  110 120.81  21.76
D  115 120.31  21.98
D  120 119.28  22.44
D  125 118.34  21.42
D  130 117.47  21.10
D  135 116.99  22.00
D  140 115.80  21.53
D  145 115.76  20.84
D  150 116.67  19.78
D  155 117.73  19.16
D  160 118.60  19.32
D  165 119.05  21.23
D  170 118.08  21.66
D  175 118.93  21.97
D  180 117.90  22.46
D  185 116.02  23.02
D  190 114.48  27.01
D  195 113.81  28.57
D  200 115.84  27.88
D  205 118.02  28.30
D  210 117.35  27.81
D  215 114.29  30.22
D  220 114.83  29.00
D  225 115.27  23.78
D  230 115.24  19.20
D  235 115.73  15.93
D  240 115.68  17.21
D  245 115.20  19.20
D  250 112.39  22.10
D  255 112.16  26.38
D  260 112.19  26.02
D  265 112.02  30.11
D  270 114.51  29.83
D  275 115.50  31.01
D  280 115.45  28.98
D  285 116.02  27.44
D  290 115.98  25.95
D  295 116.00  23.61
D  300 116.01  23.60
D  305 113.38  22.38
D  310 110.88  21.73
D  315 112.32  23.00
D  320 112.36  24.94
D  325 112.37  24.95
D  330 114.36  24.40
D  335 115.90  26.51
D  340 116.23  29.02
D  345 117.37  30.27
D  350 116.92  27.07
D  355 116.88  26.73
D  360 116.87  24.94
D  365 117.99  23.71
D  370 119.00  22.41
D  375 119.13  23.39
D  380 119.00  25.06
D  385 119.99  24.75
D  390 120.00  23.08
D  395 119.74  22.93
D  400 117.83  23.50
D  405 117.80  23.45
D  410 116.79  26.69
D  415 115.63  27.04
D  420 115.61  26.06
D  425 115.59  26.07
D  430 115.49  22.69
D  435 115.75  21.07
D  440 115.06  19.81
D  445 115.10  22.11
D  450 114.46  21.26
D  455 114.13  22.32
D  460 113.85  22.82
D  465 112.91  21.28
D  470 112.26  24.06
D  475 113.56  22.83
D  480 113.45  21.46
D  485 113.44  20.61
D  490 116.13  20.05
D  495 118.14  19.76
D  500 118.15  19.76
D  505 121.03  19.45
D  510 120.06  20.22
D  515 120.06  18.73
D  520 120.53  19.04
D  525 122.13  17.16
D  530 122.17  17.96
D  535 122.17  18.81
D  540 120.87  19.18
D  545 121.41  18.94
D  550 121.31  18.79
D  555 122.64  19.19
D  560 123.66  20.90
D  565 125.35  21.18
D  570 125.61  21.33
D  575 125.44  20.85
D  580 123.67  22.19
D  585 122.25  21.82
D  590 122.71  22.78
D  595 122.33  20.72
D  600 122.28  19.97
D  605 122.17  20.05
D  610 122.47  21.16
D  615 125.51  22.54
D  620 125.53  23.08
D  625 126.38  24.46
D  630 123.70  26.65
D  635 122.34  26.21
D  640 121.07  28.59
D  645 121.20  28.74
D  650 120.68  28.90
D  655 118.08  28.44
D  660 118.10  25.63
D  665 118.29  24.75
D  670 115.82  25.26
D  675 116.58  26.57
D  680 116.45  27.09
D  685 115.68  27.78
D  690 116.08  27.53
D  695 115.10  25.85
D  700 115.78  24.32
D  705 117.62  22.37
D  710 119.34  21.10
D  715 120.85  19.80
D  720 121.52  18.62
D  725 122.11  16.99
D  730 122.01  17.27
D  735 121.42  19.22
D  740 122.01  17.84
D  745 122.01  18.05
D  750 122.09  18.78
D  755 121.37  20.38
D  760 121.42  19.68
D  765 120.07  20.36
D  770 118.95  21.99
D  775 118.93  22.19
D  780 119.32  22.94
D  785 123.17  26.43
D  790 124.81  28.56
D  795 124.65  29.25
D  800 125.46  29.19
D  805 123.90  28.31
D  810 122.92  26.14
D  815 122.91  25.35
D  820 122.97  23.49
D  825 123.46  24.31
D  830 122.26  23.78
D  835 119.50  26.83
D  840 118.80  29.23
D  845 117.90  29.32
D  850 117.28  30.44
D  855 117.21  29.50
D  860 117.80  28.99
D  865 117.45  25.57
D  870 117.23  23.27
D  875 116.25  21.84
D  880 112.36  24.00
D  885 111.55  24.86
D  890 109.32  24.89
D  895 108.69  22.83
D  900 109.15  21.00
D  905 110.45  24.68
D  910 111.52  25.09
D  915 112.12  25.64
D  920 112.66  25.96
D  925 112.65  26.41
D  930 113.98  27.13
D  935 117.32  27.33
D  940 120.04  28.89
D  945 125.06  30.53
D  950 124.07  31.87
D  955 124.18  32.33
D  960 121.75  34.06
D  965 121.58  32.65
D  970 122.08  29.61
D  975 122.78  26.75
D  980 123.52  25.05
D  985 124.86  23.29
D  990 125.98  21.76
D  995 126.82  20.16
D 1000 128.25  19.51
D 1005 128.51  18.55
D 1010 128.87  18.39
D 1015 128.46  18.01
D 1020 128.71  17.65
D 1025 128.72  17.21
D 1030 129.01  16.44
D 1035 129.06  16.38
D 1040 129.01  16.71
D 1045 128.04  16.43
D 1050 127.76  15.96
D 1055 127.82  15.66
D 1060 127.27  17.29
D 1065 127.43  17.91
D 1070 126.38  17.06
D 1075 125.58  15.95
D 1080 125.25  15.69
D 1085 125.25  15.25
D 1090 125.25  14.25
D 1095 126.51  14.40
D 1100 127.57  15.04
D 1105 128.06  13.88
D 1110 128.86  16.96
D 1115 129.50  18.41
D 1120 127.61  19.77
D 1125 124.74  19.83
D 1130 123.86  19.70
D 1135 124.96  20.59
D 1140 125.21  19.88
D 1145 125.41  20.83
D 1150 124.32  22.25
D 1155 123.70  22.23
D 1160 123.56  23.10
D 1165 121.35  23.78
D 1170 117.09  23.74
D 1175 116.31  24.70
D 1180 115.50  23.32
D 1185 115.37  21.74
D 1190 117.24  21.35
D 1195 119.57  21.11
D 1200 121.03  21.43
D 1205 122.49  21.34
D 1210 124.90  21.78
D 1215 125.32  23.28
D 1220 124.69  23.70
D 1225 123.46  23.62
D 1230 122.94  23.14
D 1235 122.79  23.20
D 1240 123.27  23.66
D 1245 122.70  26.61
D 1250 121.13  29.20
D 1255 117.81  29.42
D 1260 116.16  28.09
D 1265 115.95  26.27
D 1270 115.96  24.32
D 1275 115.95  22.35
D 1280 116.13  21.76
D 1285 115.11  22.98
D 1290 114.95  22.33
D 1295 114.95  22.00
D 1300 116.12  22.35
D 1305 117.90  23.29
D 1310 120.18  24.60
D 1315 119.93  26.30
D 1320 119.21  25.74
D 1325 118.31  26.35
D 1330 118.05  27.03
D 1335 118.42  26.71
D 1340 117.80  26.43
D 1345 116.97  24.57
D 1350 117.89  23.43
D 1355 118.51  22.56
D 1360 119.03  21.35
D 1365 119.03  22.00
D 1370 118.71  21.45
D 1375 118.95  22.56
D 1380 119.32  24.67
D 1385 119.32  23.89
D 1390 119.56  23.11
D 1395 119.44  22.16
D 1400 120.93  21.40
D 1405 119.92  22.21
D 1410 118.74  23.16
D 1415 119.43  24.55
D 1420 119.91  22.98
D 1425 121.20  21.57
D 1430 121.39  19.96
D 1435 120.56  20.39
D 1440 121.56  21.46
D 1445 122.18  21.26
D 1450 123.71  22.42
D 1455 125.60  23.07
D 1460 125.60  23.38
D 1465 124.96  23.40
D 1470 124.95  25.54
D 1475 124.72  24.92
D 1480 123.45  23.78
D 1485 123.03  23.26
D 1490 122.77  24.02
D 1495 123.00  22.56
D 1500 123.01  22.86
D 1505 122.41  25.24
D 1510 119.97  26.66
D 1515 118.18  27.56
D 1520 117.68  26.14
D 1525 118.37  25.17
D 1530 118.96  24.77
D 1535 119.10  23.77
D 1540 120.19  22.56
D 1545 120.48  22.15
D 1550 120.66  22.80
D 1555 120.55  23.25
D 1560 120.25  23.16
D 1565 118.81  22.91
D 1570 118.80  22.88
D 1575 118.14  22.40
D 1580 118.41  21.60
D 1585 117.84  22.12
D 1590 116.23  22.43
D 1595 114.42  24.51
D 1600 113.79  24.70
D 1605 114.46  27.27
D 1610 113.64  28.39
D 1615 115.86  24.92
D 1620 117.44  25.75
D 1625 118.10  25.30
D 1630 118.24  24.13
D 1635 119.24  24.66
D 1640 120.28  24.33
D 1645 120.41  22.80
D 1650 122.09  22.24
D 1655 121.56  20.38
D 1660 121.25  19.98
D 1665 121.29  18.63
D 1670 121.42  20.07
D 1675 118.85  19.26
D 1680 117.85  21.05
D 1685 118.17  26.83
D 1690 117.07  27.46
D 1695 116.26  26.93
D 1700 115.88  25.79
D 1705 114.81  25.10
D 1710 114.08  25.11
D 1715 113.95  23.72
D 1720 114.09  25.35
D 1725 112.62  25.97
D 1730 111.59  26.37
D 1735 112.30  25.40
D 1740 113.66  24.01
D 1745 114.28  23.59
D 1750 114.80  23.75
D 1755 114.87  23.06
D 1760 115.51  21.72
D 1765 115.75  23.31
D 1770 116.07  25.40
D 1775 116.93  27.32
D 1780 116.02  26.81
D 1785 114.85  25.40
D 1790 114.35  21.98
D 1795 115.37  22.73
D 1800 117.27  21.68
D 1805 116.80  22.05
D 1810 116.16  24.56
D 1815 116.30  24.68
D 1820 116.30  27.45
D 1825 117.46  28.82
D 1830 120.01  27.87
D 1835 120.86  28.35
D 1840 121.43  27.73
D 1845 120.06  25.83
D 1850 118.65  23.60
D 1855 118.80  22.79
D 1860 117.40  22.78
D 1865 117.63  21.53
D 1870 118.12  21.35
D 1875 118.56  22.13
D 1880 118.92  21.44
D 1885 118.51  22.28
D 1890 118.45  25.09
D 1895 119.00  25.20
D 1900 118.14  24.80
D 1905 118.14  24.80
D 1910 118.14  24.03
D 1915 118.44  22.88
D 1920 119.43  22.07
D 1925 120.78  21.46
D 1930 121.80  22.00
D 1935 121.70  22.04
D 1940 121.32  22.13
D 1945 120.91  22.52
D 1950 120.79  22.56
D 1955 120.70  21.06
D 1960 121.32  20.14
D 1965 121.80  21.16
D 1970 122.26  21.15
D 1975 122.45  20.79
D 1980 123.98  22.43
D 1985 124.25  21.82
D 1990 124.59  21.02
D 1995 125.17  22.48
D 2000 125.27  25.82
D 2005 124.16  25.96
D 2010 123.17  24.40
D 2015 121.67  23.64
D 2020 119.81  22.33
D 2025 119.04  20.27
D 2030 120.08  19.57
D 2035 121.17  18.25
D 2040 122.35  17.80
D 2045 123.46  17.93
D 2050 124.32  17.35
D 2055 125.62  16.65
D 2060 127.35  15.17
D 2065 127.75  16.78
D 2070 128.29  16.60
D 2075 128.32  16.28
D 2080 129.37  17.23
D 2085 129.83  18.87
D 2090 129.30  18.73
D 2095 129.56  17.22
D 2100 130.24  16.48
D 2105 130.23  16.41
D 2110 130.37  16.89
D 2115 130.36  16.59
D 2120 130.31  17.98
D 2125 130.73  19.43
D 2130 130.77  20.00
D 2135 131.93  21.53
D 2140 131.19  21.97
D 2145 128.85  25.47
D 2150 125.56  28.41
D 2155 123.84  29.64
D 2160 121.12  31.09
D 2165 119.50  30.98
D 2170 118.43  29.27
D 2175 118.43  27.54
D 2180 119.17  27.11
D 2185 119.72  24.57
D 2190 120.46  23.25
D 2195 122.23  22.37
D 2200 123.29  21.40
D 2205 124.56  20.22
D 2210 125.86  18.89
D 2215 126.46  18.35
D 2220 127.16  16.81
D 2225 128.67  17.36
D 2230 128.51  16.54
D 2235 130.28  15.08
D 2240 131.00  14.58
D 2245 130.64  15.46
D 2250 130.78  15.67
D 2255 130.17  14.52
D 2260 129.27  14.67
D 2265 128.71  15.23
D 2270 128.94  16.83
D 2275 127.56  15.97
D 2280 127.45  15.36
D 2285 127.71  15.48
D 2290 127.72  17.39
D 2295 127.21  18.75
D 2300 127.14  18.41
D 2305 127.09  21.79
D 2310 127.15  24.01
D 2315 124.78  24.00
D 2320 125.84  24.16
D 2325 126.86  21.72
D 2330 127.50  20.20
D 2335 127.16  19.25
D 2340 125.36  18.53
D 2345 119.77  19.08
D 2350 124.33  19.07
D 2355 125.59  21.07
D 2360 123.16  22.49
D 2365 124.21  21.35
D 2370 123.12  20.89
D 2375 124.75  19.49
D 2380 124.77  19.88
D 2385 124.77  20.58
D 2390 125.13  22.86
D 2395 128.20  23.21
D 2400 128.40  22.80
D 2405 128.57  22.10
D 2410 129.67  23.84
D 2415 128.43  24.68
D 2420 127.62  26.31
D 2425 126.78  25.41
D 2430 128.38  25.11
D 2435 129.36  23.75
D 2440 130.41  22.90
D 2445 131.50  23.40
D 2450 131.78  23.99
D 2455 131.25  27.13
D 2460 130.43  27.89
D 2465 130.92  28.84
D 2470 129.83  31.28
D 2475 129.29  31.56
D 2480 126.26  31.86
D 2485 125.70  31.50
D 2490 126.54  31.25
D 2495 128.85  30.37
D 2500 127.20  28.31
D 2505 127.02  27.44
D 2510 127.02  26.73
D 2515 127.21  26.04
D 2520 128.86  26.04
D 2525 129.78  24.49
D 2530 130.36  24.10
D 2535 130.18  25.11
D 2540 130.00  25.10
D 2545 130.60  23.78
D 2550 131.45  23.78
D 2555 132.13  23.70
D 2560 133.21  23.59
D 2565 133.21  22.73
D 2570 133.97  22.35
D 2575 133.90  21.62
D 2580 134.14  21.17
D 2585 134.20  19.81
D 2590 133.76  20.12
D 2595 134.58  21.12
D 2600 136.23  21.27
D 2605 136.81  21.67
D 2610 136.97  22.39
D 2615 136.90  24.75
D 2620 135.91  25.06
D 2625 134.86  23.62
D 2630 132.93  22.67
D 2635 131.67  24.39
D 2640 130.12  24.85
D 2645 130.44  26.56
D 2650 130.43  26.29
D 2655 131.23  26.07
D 2660 131.23  25.50
D 2665 131.24  25.50
D 2670 131.25  25.73
D 2675 130.63  25.66
D 2680 129.40  26.09
D 2685 129.07  25.61
D 2690 129.50  25.91
D 2695 130.18  26.67
D 2700 130.75  25.77
D 2705 129.02  24.32
D 2710 127.91  23.15
D 2715 126.58  22.53
D 2720 125.82  21.13
D 2725 125.26  21.03
D 2730 125.46  20.95
D 2735 127.06  21.22
D 2740 127.23  21.28
D 2745 127.23  21.70
D 2750 126.90  22.50
D 2755 128.33  23.84
D 2760 128.36  24.48
D 2765 127.74  23.75
D 2770 126.67  22.90
D 2775 126.11  22.90
D 2780 125.81  22.32
D 2785 126.16  21.85
D 2790 127.86  22.66
D 2795 127.88  23.82
D 2800 127.38  23.82
D 2805 126.91  24.11
D 2810 128.60  23.04
D 2815 130.05  24.61
D 2820 128.90  26.45
D 2825 127.14  25.20
D 2830 125.63  23.74
D 2835 125.83  22.68
D 2840 126.53  22.16
D 2845 127.06  22.80
D 2850 126.99  23.35
D 2855 125.40  25.93
D 2860 125.15  25.74
D 2865 126.12  26.52
D 2870 126.60  28.36
D 2875 128.35  32.91
D 2880 129.10  34.51
D 2885 125.78  32.52
D 2890 125.46  31.62
D 2895 124.51  28.33
D 2900 125.30  25.98
D 2905 126.63  24.55
D 2910 128.21  23.38
D 2915 129.78  21.82
D 2920 131.54  19.99
D 2925 130.75  22.86
D 2930 127.49  24.61
D 2935 124.62  27.16
D 2940 124.03  27.25
D 2945 122.45  27.22
D 2950 122.29  28.40
D 2955 123.74  24.79
D 2960 126.82  26.84
D 2965 128.90  27.03
D 2970 126.85  25.34
D 2975 126.45  25.51
D 2980 125.23  25.11
D 2985 125.53  24.31
D 2990 126.10  24.13
D 2995 126.55  24.02
D 3000 127.69  23.61
D 3005 127.50  26.08
D 3010 127.67  27.13
D 3015 127.21  29.55
D 3020 126.97  27.63
D 3025 126.02  26.23
D 3030 125.19  26.21
D 3035 123.62  28.34
D 3040 122.98  28.32
D 3045 123.17  28.06
D 3050 123.45  27.26
D 3055 127.17  27.11
D 3060 127.01  26.14
D 3065 128.07  26.08
D 3070 127.86  25.61
D 3075 130.82  25.16
D 3080 132.46  25.56
D 3085 131.46  26.73
D 3090 132.51  29.44
D 3095 134.70  31.28
D 3100 136.90  32.91
D 3105 136.01  34.53
D 3110 138.03  31.26
D 3115 139.08  29.75
D 3120 138.86  27.18
D 3125 138.53  25.70
D 3130 136.20  24.53
D 3135 136.47  23.27
D 3140 133.74  22.51
D 3145 130.72  22.96
D 3150 128.84  23.67
D 3155 126.71  23.28
D 3160 125.74  24.96
D 3165 126.26  24.99
D 3170 125.66  25.55
D 3175 125.32  23.83
D 3180 125.87  24.39
D 3185 126.59  22.71
D 3190 124.93  23.44
D 3195 124.03  24.48
D 3200 124.96  26.28
D 3205 127.09  25.33
D 3210 126.07  24.16
D 3215 130.13  23.22
D 3220 131.16  23.63
D 3225 131.98  23.81
D 3230 132.36  21.61
D 3235 132.58  21.26
D 3240 131.54  21.06
D 3245 130.61  20.16
D 3250 130.13  19.38
D 3255 130.29  19.73
D 3260 129.60  19.23
D 3265 129.73  18.84
D 3270 129.42  18.68
D 3275 130.41  20.05
D 3280 130.66  22.41
D 3285 130.65  24.46
D 3290 131.74  23.13
D 3295 129.99  23.81
D 3300 128.65  24.99
D 3305 129.78  23.96
D 3310 129.95  23.33
D 3315 130.41  19.93
D 3320 131.38  17.99
D 3325 133.53  17.45
D 3330 133.16  18.46
D 3335 134.84  17.66
D 3340 134.08  19.32
D 3345 134.06  20.80
D 3350 134.36  20.47
D 3355 131.78  21.30
D 3360 130.20  20.95
D 3365 129.41  20.88
D 3370 128.86  22.73
D 3375 129.01  20.78
D 3380 127.10  20.72
D 3385 126.11  19.88
D 3390 124.75  19.33
D 3395 124.42  20.93
D 3400 126.22  21.58
D 3405 125.31  21.75
D 3410 122.86  21.48
D 3415 121.63  21.13
D 3420 121.83  22.11
D 3425 121.75  21.25
D 3430 122.79  20.63
D 3435 124.76  20.35
D 3440 125.56  19.51
D 3445 126.52  18.76
D 3450 127.01  18.08
D 3455 126.82  18.84
D 3460 127.28  19.61
D 3465 127.37  20.05
D 3470 124.88  19.58
D 3475 123.16  19.54
D 3480 121.74  23.87
D 3485 120.37  24.96
D 3490 120.89  25.13
D 3495 123.32  25.10
D 3500 124.79  23.31
D 3505 125.68  22.60
D 3510 127.13  21.26
D 3515 126.99  21.43
D 3520 127.16  22.90
D 3525 126.51  24.18
D 3530 130.90  24.65
D 3535 132.04  25.13
D 3540 131.71  23.24
D 3545 130.76  24.74
D 3550 130.82  29.12
D 3555 130.36  30.43
D 3560 128.59  32.64
D 3565 126.34  32.61
D 3570 126.51  32.28
D 3575 125.28  35.64
D 3580 125.57  37.21
D 3585 125.79  36.89
D 3590 123.77  33.13
D 3595 124.22  35.10
D 3600 123.80  35.09
D 3605 123.65  35.82
D 3610 125.03  35.95
D 3615 126.44  38.21
D 3620 125.93  37.27
D 3625 123.40  33.43
D 3630 122.64  32.15
D 3635 122.41  29.95
D 3640 122.58  30.88
D 3645 122.64  33.43
D 3650 122.60  36.17
D 3655 122.41  37.20
D 3660 123.04  33.76
D 3665 126.63  32.99
D 3670 129.09  33.36
D 3675 128.53  33.49
D 3680 127.89  30.31
D 3685 128.44  29.36
D 3690 126.24  30.67
D 3695 123.59  30.58
D 3700 121.72  30.52
D 3705 122.90  31.42
D 3710 122.98  32.62
D 3715 127.64  33.66
D 3720 127.49  31.32
D 3725 127.06  31.76
D 3730 127.06  28.91
D 3735 125.89  27.66
D 3740 125.48  24.56
D 3745 125.60  23.05
D 3750 125.54  22.15
D 3755 123.68  20.38
D 3760 121.97  22.08
D 3765 121.37  22.46
D 3770 120.49  20.95
D 3775 119.56  20.23
D 3780 120.58  20.91
D 3785 123.16  21.53
D 3790 123.60  22.14
D 3795 126.05  21.21
D 3800 128.38  20.09
D 3805 129.46  18.78
D 3810 129.94  16.85
D 3815 130.08  18.30
D 3820 129.93  18.80
D 3825 130.13  18.46
D 3830 130.12  17.25
D 3835 130.15  15.70
D 3840 129.86  15.19
D 3845 129.01  14.75
D 3850 130.02  16.26
D 3855 128.29  15.29
D 3860 127.27  15.29
D 3865 127.26  14.97
D 3870 127.11  13.83
D 3875 125.95  15.22
D 3880 124.77  14.67
D 3885 123.85  16.87
D 3890 123.39  16.55
D 3895 123.75  15.31
D 3900 124.91  15.22
D 3905 126.61  15.25
D 3910 128.39  16.48
D 3915 129.28  18.01
D 3920 130.32  18.15
D 3925 131.11  19.94
D 3930 130.76  21.24
D 3935 129.46  21.81
D 3940 128.25  21.31
D 3945 128.20  20.86
D 3950 129.40  21.35
D 3955 129.47  22.81
D 3960 129.43  22.54
D 3965 130.19  20.70
D 3970 130.48  19.83
D 3975 129.06  18.99
D 3980 127.08  21.20
D 3985 123.66  22.91
D 3990 121.20  23.87
D 3995 119.76  25.54
D 4000 119.16  28.42
D 4005 119.26  26.78
D 4010 121.80  27.51
D 4015 121.59  24.94
D 4020 122.42  21.91
D 4025 122.55  21.95
D 4030 123.40  22.75
D 4035 125.05  21.11
D 4040 124.54  18.60
D 4045 122.66  18.00
D 4050 120.68  17.28
D 4055 120.02  17.93
D 4060 119.25  18.02
D 4065 119.94  18.77
D 4070 123.37  19.18
D 4075 125.04  18.95
D 4080 124.30  19.85
D 4085 126.87  20.43
D 4090 127.62  21.29
D 4095 128.99  21.69
D 4100 129.33  22.70
D 4105 130.18  25.79
D 4110 133.35  26.41
D 4115 134.60  24.40
D 4120 132.84  22.56
D 4125 132.27  19.81
D 4130 131.27  18.38
D 4135 129.66  18.10
D 4140 128.81  17.66
D 4145 127.51  16.77
D 4150 127.08  16.14
D 4155 126.50  15.48
D 4160 127.06  15.41
D 4165 128.87  16.11
D 4170 130.93  16.12
D 4175 130.55  15.42
D 4180 130.70  14.86
D 4185 130.64  14.08
D 4190 129.31  13.75
D 4195 129.24  14.10
D 4200 130.54  14.75
D 4205 129.91  13.79
D 4210 129.53  13.64
D 4215 130.13  13.21
D 4220 128.92  14.28
D 4225 128.70  16.72
D 4230 127.43  19.13
D 4235 126.06  19.78
D 4240 125.02  19.86
D 4245 124.31  20.10
D 4250 123.54  21.35
D 4255 122.11  22.82
D 4260 122.34  23.70
D 4265 120.98  23.67
D 4270 120.74  23.77
D 4275 123.98  24.09
D 4280 125.68  23.94
D 4285 124.30  22.42
D 4290 125.25  23.33
D 4295 126.07  22.58
D 4300 125.45  25.31
D 4305 124.38  24.40
D 4310 124.57  22.06
D 4315 121.40  21.85
D 4320 119.63  20.06
D 4325 119.00  19.62
D 4330 118.85  19.26
D 4335 119.80  18.57
D 4340 119.79  19.28
D 4345 120.24  20.50
D 4350 120.13  21.00
D 4355 120.47  20.91
D 4360 121.06  20.39
D 4365 120.15  17.52
D 4370 119.66  17.67
D 4375 117.32  18.54
D 4380 116.59  19.62
D 4385 116.00  20.79
D 4390 116.16  19.65
D 4395 118.50  21.03
D 4400 119.62  21.29
D 4405 121.38  20.40
D 4410 123.61  18.27
D 4415 123.30  19.40
D 4420 122.28  20.96
D 4425 122.23  20.98
D 4430 122.20  21.89
D 4435 123.07  21.85
D 4440 123.16  22.30
D 4445 123.18  24.51
D 4450 122.59  24.68
D 4455 122.61  25.85
D 4460 121.88  26.15
D 4465 120.48  25.03
D 4470 121.23  24.71
D 4475 122.48  23.77
D 4480 122.87  22.83
D 4485 125.42  24.66
D 4490 126.48  25.02
D 4495 126.87  25.66
D 4500 127.30  24.57
D 4505 127.30  24.54
D 4510 127.30  24.70
D 4515 126.68  27.41
D 4520 125.98  27.65
D 4525 125.51  26.49
D 4530 124.83  27.18
D 4535 126.52  27.76
D 4540 127.73  27.09
D 4545 127.22  25.99
D 4550 127.55  25.79
D 4555 127.56  26.79
D 4560 127.56  26.34
D 4565 127.13  22.92
D 4570 127.06  20.73
D 4575 126.55  19.42
D 4580 125.52  18.82
D 4585 125.71  18.07
D 4590 125.89  17.70
D 4595 126.60  17.38
D 4600 127.09  15.69
D 4605 127.55  13.41
D 4610 127.55  13.37
D 4615 129.23  16.33
D 4620 128.60  16.61
D 4625 129.61  15.52
D 4630 130.19  14.79
D 4635 130.36  13.56
D 4640 130.43  14.96
D 4645 129.91  15.21
D 4650 128.88  15.11
D 4655 128.11  14.53
D 4660 128.14  14.13
D 4665 127.59  17.18
D 4670 127.28  18.56
D 4675 126.43  18.73
D 4680 124.88  19.46
D 4685 123.05  20.60
D 4690 121.98  20.50
D 4695 121.70  20.49
D 4700 121.90  19.15
D 4705 122.81  21.70
D 4710 122.26  23.08
D 4715 120.80  22.48
D 4720 120.39  21.38
D 4725 120.22  20.93
D 4730 120.10  21.23
D 4735 120.08  21.65
D 4740 119.69  21.15
D 4745 119.97  20.13
D 4750 120.63  19.48
D 4755 120.68  21.14
D 4760 120.85  21.83
D 4765 121.01  22.76
D 4770 120.30  23.71
D 4775 119.71  23.17
D 4780 120.43  24.09
D 4785 120.00  24.54
D 4790 120.19  23.50
D 4795 120.98  22.08
D 4800 121.10  21.27
D 4805 121.46  22.12
D 4810 121.97  21.40
D 4815 120.96  22.01
D 4820 120.70  21.49
D 4825 120.68  21.01
D 4830 121.20  21.45
D 4835 122.34  20.84
D 4840 123.33  19.36
D 4845 124.28  18.49
D 4850 125.30  17.92
D 4855 125.50  16.65
D 4860 125.52  15.98
D 4865 125.44  16.07
D 4870 124.96  16.07
D 4875 124.96  15.11
D 4880 124.94  15.18
D 4885 124.94  15.18
D 4890 125.06  14.89
D 4895 125.10  13.40
D 4900 124.33  13.34
D 4905 123.61  12.59
D 4910 123.52  11.61
D 4915 123.48  10.89
D 4920 123.11  11.44
D 4925 124.00  11.04
D 4930 124.01  11.32
D 4935 124.01  11.14
D 4940 124.01  11.49
D 4945 124.66  11.98
D 4950 125.61  12.26
D 4955 126.60  12.55
D 4960 126.61  14.52
D 4965 125.30  14.40
D 4970 125.23  14.79
D 4975 126.09  15.79
D 4980 126.35  17.14
D 4985 125.34  18.52
D 4990 121.68  19.43
E 4995 118.42  20.63
