S 25/02/19 08:28:56
D    0 349.01   6.38
D    5 349.01   6.38
D   10 349.01   6.38
D   15 349.01   6.38
D   20 349.01   6.38
D   25 349.01   6.38
D   30 349.01   6.38
E   35 349.02   6.38
S 25/02/19 08:29:37
D    0  21.63   6.38
E    3  21.62   6.38
S 25/02/19 08:40:53
D    0  84.96   6.52
D    5  84.96   6.52
E   10  84.96   6.52
S 25/02/20 09:48:30
D    0 234.83 359.56
D    5 234.83 359.56
D   10 234.83 359.56
D   15 234.83 359.56
D   20 234.83 359.56
D   25 234.83 359.56
D   30 234.81 359.56
D   35 234.81 359.59
D   40 234.81 359.59
D   45 242.36   6.76
D   50 254.50   9.67
D   55 261.54  11.85
D   60 266.35  12.80
D   65 270.03  13.60
D   70 273.73  15.59
D   75 277.06  20.00
D   80 281.32  24.48
D   85 285.71  25.77
D   90 288.97  27.30
D   95 290.78  28.40
D  100 293.25  29.51
D  105 293.27  29.33
D  110 295.50  29.75
D  115 295.95  29.68
D  120 295.95  29.71
D  125 296.51  29.73
D  130 297.47  29.76
D  135 298.36  31.17
D  140 295.17  31.09
D  145 295.19  31.10
D  150 295.19  31.10
D  155 295.19  31.10
D  160 295.19  31.10
D  165 295.19  31.10
D  170 295.19  31.10
D  175 295.19  31.10
D  180 295.19  31.10
D  185 295.19  31.10
D  190 295.19  31.10
D  195 295.19  31.10
D  200 295.19  31.10
D  205 295.19  31.10
D  210 295.19  31.10
D  215 295.19  31.10
D  220 295.19  31.10
D  225 295.19  31.10
D  230 295.19  31.10
D  235 295.19  31.10
D  240 295.19  31.10
D  245 295.19  31.10
D  250 295.19  31.10
D  255 295.19  31.10
D  260 295.19  31.10
D  265 295.19  31.10
D  270 295.19  31.10
D  275 295.19  31.10
D  280 295.19  31.10
D  285 295.19  31.10
D  290 295.19  31.10
D  295 295.19  31.10
D  300 295.19  31.10
D  305 295.19  31.10
D  310 295.19  31.10
D  315 295.19  31.10
D  320 295.19  31.10
D  325 295.19  31.10
D  330 295.19  31.10
D  335 295.19  31.10
D  340 295.19  31.10
D  345 295.19  31.10
D  350 295.19  31.10
D  355 295.19  31.10
D  360 295.19  31.10
D  365 295.19  31.10
D  370 295.19  31.10
D  375 295.19  31.10
D  380 295.19  31.10
D  385 295.19  31.10
D  390 295.19  31.10
D  395 295.19  31.10
D  400 295.19  31.10
D  405 295.19  31.10
D  410 295.19  31.10
D  415 295.19  31.10
D  420 295.19  31.10
D  425 295.19  31.10
D  430 295.19  31.10
D  435 295.19  31.10
D  440 295.19  31.10
D  445 295.19  31.10
D  450 295.19  31.10
D  455 295.19  31.10
D  460 295.19  31.10
D  465 295.19  31.10
D  470 295.19  31.10
D  475 295.19  31.10
D  480 295.19  31.10
D  485 295.19  31.10
D  490 295.19  31.10
D  495 295.19  31.10
D  500 295.19  31.10
D  505 295.19  31.10
D  510 295.19  31.10
D  515 295.19  31.10
D  520 295.19  31.10
D  525 295.19  31.10
D  530 295.19  31.10
D  535 295.19  31.10
D  540 295.19  31.10
D  545 295.19  31.10
D  550 295.19  31.10
D  555 295.19  31.10
D  560 295.19  31.10
D  565 295.19  31.10
D  570 295.19  31.10
D  575 295.19  31.10
D  580 295.19  31.10
D  585 295.19  31.10
D  590 295.19  31.10
D  595 295.19  31.10
D  600 295.19  31.10
D  605 295.19  31.10
D  610 295.19  31.10
D  615 295.19  31.10
D  620 295.19  31.10
D  625 295.19  31.10
D  630 295.19  31.10
D  635 295.19  31.10
D  640 295.19  31.10
D  645 295.19  31.10
D  650 295.19  31.10
D  655 295.19  31.10
D  660 295.19  31.10
D  665 295.19  31.10
D  670 295.19  31.10
D  675 295.19  31.10
D  680 295.19  31.10
D  685 295.19  31.10
D  690 295.19  31.10
D  695 295.19  31.10
D  700 295.19  31.10
D  705 295.19  31.10
D  710 295.19  31.10
D  715 295.19  31.10
D  720 295.19  31.10
D  725 295.19  31.10
D  730 295.19  31.10
D  735 295.19  31.10
D  740 295.19  31.10
D  745 295.19  31.10
D  750 295.19  31.10
D  755 295.19  31.10
D  760 295.19  31.10
D  765 295.19  31.10
D  770 295.19  31.10
D  775 295.19  31.10
D  780 295.19  31.10
D  785 295.19  31.10
D  790 295.19  31.10
D  795 295.19  31.10
D  800 295.19  31.10
D  805 295.19  31.10
D  810 295.19  31.10
D  815 295.19  31.10
D  820 295.19  31.10
D  825 295.19  31.10
D  830 295.19  31.10
D  835 295.19  31.10
D  840 295.19  31.10
D  845 295.19  31.10
D  850 295.19  31.10
D  855 295.19  31.10
D  860 295.19  31.10
D  865 295.19  31.10
D  870 295.19  31.10
D  875 295.19  31.10
D  880 295.19  31.10
D  885 295.19  31.10
D  890 295.19  31.10
D  895 295.19  31.10
D  900 295.19  31.10
D  905 295.19  31.10
D  910 295.19  31.10
D  915 295.19  31.10
D  920 295.19  31.10
D  925 295.19  31.10
D  930 295.19  31.10
D  935 295.19  31.10
D  940 295.19  31.10
D  945 295.19  31.10
D  950 295.19  31.10
D  955 295.19  31.10
D  960 295.19  31.10
D  965 295.19  31.10
D  970 295.19  31.10
D  975 295.19  31.10
D  980 295.19  31.10
D  985 295.19  31.10
D  990 295.19  31.10
D  995 295.19  31.10
D 1000 295.19  31.10
D 1005 295.19  31.10
D 1010 295.19  31.10
D 1015 295.19  31.10
D 1020 295.19  31.10
D 1025 295.19  31.10
D 1030 295.19  31.10
D 1035 295.19  31.10
D 1040 295.19  31.10
D 1045 295.19  31.10
D 1050 295.19  31.10
D 1055 295.19  31.10
D 1060 295.19  31.10
E 1065 295.19  31.10
S 25/02/20 10:10:30
D    0 232.16 359.43
D    5 232.16 359.43
D   10 232.16 359.43
D   15 232.16 359.61
D   20 232.05  21.41
D   25 234.55   5.96
D   30 234.64   0.72
D   35 235.01   0.70
D   40 234.94   0.70
D   45 234.94   0.72
D   50 234.97   0.97
D   55 239.68  24.17
D   60 251.38  32.19
D   65 261.43  14.79
D   70 266.98  19.70
D   75 277.66  48.31
D   80 284.56  44.86
D   85 292.01  46.80
D   90 291.78  45.02
D   95 293.60  44.65
D  100 305.67  42.91
D  105 302.55  42.90
D  110 308.70  41.59
D  115 310.67  42.44
D  120 315.28  43.18
D  125 318.55  42.39
D  130 319.98  41.18
D  135 322.38  38.85
D  140 324.47  38.90
D  145 326.95  38.69
D  150 329.12  37.70
D  155 331.10  37.64
D  160 334.40  37.59
D  165 335.99  35.90
D  170 337.40  36.76
D  175 339.86  36.93
D  180 341.49  37.10
D  185 343.12  37.33
D  190 344.59  37.76
D  195 345.71  38.16
D  200 346.87  38.32
D  205 348.05  38.49
D  210 348.83  38.55
D  215 350.01  38.96
D  220 351.73  38.95
D  225 353.25  38.78
D  230 354.29  38.73
D  235 355.50  39.04
D  240 356.93  39.06
D  245 357.75  39.11
D  250 358.45  39.18
D  255 359.58  39.26
D  260   0.85  39.44
D  265   1.47  39.71
D  270   2.35  40.03
D  275   2.75  40.19
D  280   3.31  40.33
D  285   3.71  40.70
D  290   3.85  40.74
D  295   3.95  40.65
D  300   4.45  40.74
D  305   4.86  40.84
D  310   5.23  40.88
D  315   5.72  40.91
D  320   5.88  41.03
D  325   6.94  41.05
D  330   7.37  41.10
D  335   7.77  41.24
D  340   8.20  41.39
D  345   8.71  41.47
D  350   9.44  41.61
D  355   9.59  41.72
D  360  10.53  41.84
D  365  11.04  42.05
D  370  11.34  42.00
D  375  11.91  42.18
D  380  12.38  42.17
D  385  12.87  42.27
D  390  13.18  42.28
D  395  13.54  42.24
D  400  13.40  42.54
D  405  14.28  42.73
D  410  14.75  42.74
D  415  15.02  42.67
D  420  16.03  42.61
D  425  15.85  42.52
D  430  16.29  42.49
D  435  17.07  42.46
D  440  16.80  42.26
D  445  17.39  42.28
D  450  17.31  42.25
D  455  17.63  42.16
D  460  17.77  42.13
D  465  18.04  42.12
D  470  18.37  42.02
D  475  18.39  42.03
D  480  18.75  41.85
D  485  19.11  41.80
D  490  19.40  41.83
D  495  19.74  41.69
D  500  20.11  41.70
D  505  20.67  41.82
D  510  20.93  41.86
D  515  21.60  41.93
D  520  22.03  41.91
D  525  22.17  41.93
D  530  22.90  41.96
D  535  22.90  42.10
D  540  22.90  42.11
D  545  23.07  42.06
D  550  23.36  42.10
D  555  23.55  42.06
D  560  23.84  41.97
D  565  24.14  41.89
D  570  24.38  41.91
D  575  24.43  41.85
D  580  24.68  41.97
D  585  24.87  41.83
D  590  24.91  41.87
D  595  25.01  41.85
D  600  25.27  41.83
D  605  25.40  41.78
D  610  25.58  41.75
D  615  25.92  41.83
D  620  26.25  41.74
D  625  26.41  41.82
D  630  26.51  41.84
D  635  26.71  41.76
D  640  26.87  41.81
D  645  27.20  41.82
D  650  27.53  41.88
D  655  27.80  41.85
D  660  28.10  41.86
D  665  28.27  41.86
D  670  28.43  41.90
D  675  28.60  41.80
D  680  28.99  41.81
D  685  29.16  41.77
D  690  29.10  41.69
D  695  29.39  41.76
D  700  29.45  41.61
D  705  29.60  41.75
D  710  29.66  41.68
D  715  29.83  41.64
D  720  29.82  41.56
D  725  30.21  41.59
D  730  30.15  41.47
D  735  30.33  41.43
D  740  30.50  41.49
D  745  30.67  41.34
D  750  30.85  41.27
D  755  31.01  41.15
D  760  31.14  41.08
D  765  31.22  41.04
D  770  31.37  40.88
D  775  31.67  40.85
D  780  31.80  40.76
D  785  31.87  40.71
D  790  32.12  40.71
D  795  32.30  40.59
D  800  32.39  40.57
D  805  32.56  40.42
D  810  32.75  40.31
D  815  32.99  40.36
D  820  33.34  40.21
D  825  33.55  40.23
D  830  33.70  40.24
D  835  33.77  40.15
D  840  33.91  40.18
D  845  33.97  40.16
D  850  34.23  40.11
D  855  34.55  40.12
D  860  34.88  40.17
D  865  35.11  40.22
D  870  35.38  40.20
D  875  35.76  40.23
D  880  36.00  40.26
D  885  36.33  40.36
D  890  36.52  40.45
D  895  36.80  40.48
D  900  37.06  40.54
D  905  37.16  40.52
D  910  37.53  40.62
D  915  37.83  40.66
D  920  38.15  40.70
D  925  38.52  40.73
D  930  38.79  40.80
D  935  39.04  40.77
D  940  39.37  40.78
D  945  39.71  40.81
D  950  39.92  40.86
D  955  40.18  40.86
D  960  40.38  40.86
D  965  40.63  40.88
D  970  40.87  40.86
D  975  41.06  40.92
D  980  41.17  40.87
D  985  41.36  40.94
D  990  41.70  40.92
D  995  41.76  40.95
D 1000  41.99  40.93
D 1005  42.17  40.94
D 1010  42.32  40.94
D 1015  42.55  40.89
D 1020  42.76  40.86
D 1025  42.97  40.88
D 1030  43.26  40.82
D 1035  43.63  40.88
D 1040  44.01  40.83
D 1045  44.29  40.82
D 1050  44.59  40.79
D 1055  44.89  40.78
D 1060  45.14  40.79
D 1065  45.38  40.85
D 1070  45.55  40.82
D 1075  45.75  40.78
D 1080  45.91  40.73
D 1085  46.24  40.78
D 1090  46.44  40.71
D 1095  46.61  40.70
D 1100  46.88  40.76
D 1105  47.18  40.78
D 1110  47.55  40.86
D 1115  47.93  40.86
D 1120  48.18  40.91
D 1125  48.35  40.95
D 1130  48.74  40.96
D 1135  48.97  41.00
D 1140  49.31  40.99
D 1145  49.62  41.03
D 1150  49.89  41.06
D 1155  50.16  41.12
D 1160  50.48  41.18
D 1165  50.68  41.18
D 1170  50.98  41.17
D 1175  51.19  41.16
D 1180  51.54  41.17
D 1185  51.83  41.21
D 1190  52.01  41.19
D 1195  52.30  41.17
D 1200  52.66  41.18
D 1205  52.83  41.15
D 1210  53.13  41.10
D 1215  53.45  41.07
D 1220  53.61  41.03
D 1225  53.84  41.01
D 1230  54.06  40.93
D 1235  54.35  40.91
D 1240  54.55  40.88
D 1245  54.73  40.85
D 1250  54.97  40.80
D 1255  55.15  40.76
D 1260  55.33  40.74
D 1265  55.50  40.62
D 1270  55.79  40.65
D 1275  56.01  40.58
D 1280  56.20  40.54
D 1285  56.41  40.50
D 1290  56.61  40.38
D 1295  56.84  40.35
D 1300  57.00  40.30
D 1305  57.17  40.30
D 1310  57.42  40.22
D 1315  57.60  40.16
D 1320  57.80  40.13
D 1325  57.94  40.06
D 1330  58.20  40.02
E 1335  58.30  39.98
S 25/02/20 10:35:24
D    0 235.67   0.46
E    1 235.66   0.47
S 25/02/20 10:36:00
D    0 235.66   0.47
D    5 235.66   0.48
D   10 235.66   0.47
D   15 235.67   0.47
D   20 235.67   0.50
D   25 235.65   0.77
D   30 243.92   9.97
D   35 249.94  20.27
D   40 257.53  25.89
D   45 270.94  29.92
D   50 276.84  29.91
D   55 280.88  34.78
D   60 282.06  24.67
D   65 286.25  24.70
D   70 288.07  22.37
D   75 289.94  20.15
D   80 291.81  19.46
D   85 293.56  18.41
D   90 294.38  17.79
D   95 295.38  17.18
D  100 295.85  17.08
D  105 296.29  16.55
D  110 297.06  16.35
D  115 297.41  16.28
D  120 297.75  16.17
D  125 297.94  15.95
D  130 297.94  15.93
D  135 298.91  16.14
D  140 299.14  15.94
D  145 300.91  16.17
D  150 302.21  16.25
D  155 302.98  16.38
D  160 303.83  16.56
D  165 304.86  16.70
D  170 305.72  16.85
D  175 306.76  16.94
D  180 308.05  17.18
D  185 309.16  17.49
D  190 310.67  17.55
D  195 311.85  17.66
D  200 313.18  17.76
D  205 314.36  17.75
D  210 315.55  17.90
D  215 316.81  17.83
D  220 317.90  17.76
D  225 318.90  17.76
D  230 320.11  17.74
D  235 320.91  17.54
D  240 321.77  17.45
D  245 322.64  17.38
D  250 323.63  17.18
D  255 324.53  17.12
D  260 325.38  16.95
D  265 326.25  16.87
D  270 326.99  16.72
D  275 327.89  16.57
D  280 328.56  16.53
D  285 329.43  16.47
D  290 330.24  16.31
D  295 331.23  16.24
D  300 331.75  16.23
D  305 332.65  16.19
D  310 333.58  16.26
D  315 334.36  16.23
D  320 335.05  16.19
D  325 335.59  16.28
D  330 336.53  16.27
D  335 337.21  16.27
D  340 338.06  16.33
D  345 338.66  16.31
D  350 339.05  16.41
D  355 339.49  16.30
D  360 339.59  16.11
D  365 341.13  16.15
D  370 341.86  16.49
D  375 342.42  16.56
D  380 343.07  16.58
D  385 343.54  16.65
D  390 343.98  16.68
D  395 344.47  16.70
D  400 344.95  16.73
D  405 345.52  16.75
D  410 346.05  16.74
D  415 346.55  16.76
D  420 347.10  16.76
D  425 347.68  16.79
D  430 348.35  16.80
D  435 349.05  16.77
D  440 349.68  16.78
D  445 350.31  16.79
D  450 350.91  16.76
D  455 351.45  16.76
D  460 351.99  16.76
D  465 352.64  16.78
D  470 353.14  16.81
D  475 353.69  16.80
D  480 354.14  16.86
D  485 354.61  16.80
D  490 355.15  16.87
D  495 355.75  16.98
D  500 356.18  17.05
D  505 356.61  17.12
D  510 357.13  17.11
D  515 357.08  17.23
D  520 357.03  17.24
E  525 357.03  17.24
S 25/02/20 10:54:00
D    0 235.60   0.48
D    5 235.60   0.48
D   10 235.60   0.48
D   15 235.60   0.48
D   20 235.60   0.48
D   25 235.60   0.48
D   30 235.60   0.48
D   35 246.55   2.58
D   40 249.18   7.99
D   45 269.21   7.69
D   50 272.11  10.50
D   55 275.49  14.68
D   60 277.51  26.19
D   65 284.99  26.19
D   70 288.26  26.19
D   75 289.66  25.41
D   80 289.22  25.58
D   85 293.00  23.32
D   90 297.70  23.43
D   95 296.30  23.69
D  100 299.61  20.93
D  105 299.68  18.53
D  110 299.68  17.88
D  115 299.80  17.36
D  120 300.81  17.03
D  125 301.92  16.26
D  130 302.18  16.26
D  135 302.18  16.25
D  140 302.20  16.25
D  145 301.73  16.21
D  150 303.06  16.25
D  155 303.83  15.96
D  160 304.43  15.96
D  165 304.88  16.11
D  170 305.03  16.05
D  175 305.68  16.00
D  180 306.20  16.05
D  185 306.73  15.80
D  190 307.17  15.93
D  195 307.76  15.76
D  200 307.90  15.63
D  205 309.43  15.90
D  210 310.46  15.92
D  215 311.86  16.33
D  220 312.85  15.69
D  225 313.91  15.65
D  230 315.65  15.30
D  235 316.23  15.45
D  240 317.07  15.73
D  245 317.87  15.24
D  250 318.88  15.36
D  255 319.42  15.20
D  260 320.06  14.67
D  265 319.81  14.97
D  270 320.10  14.89
D  275 320.10  14.79
D  280 320.10  14.79
D  285 320.10  14.53
D  290 320.30  15.06
D  295 320.23  15.14
D  300 320.62  14.73
D  305 320.86  15.53
D  310 321.10  15.65
D  315 321.14  16.45
D  320 321.14  16.39
D  325 321.14  16.39
D  330 321.15  16.39
D  335 321.15  16.39
D  340 321.12  16.39
D  345 321.13  16.39
E  350 321.12  16.39
S 25/02/20 11:13:31
D    0 235.80   0.25
D    5 235.80   0.25
D   10 235.80   0.25
D   15 235.80   0.25
D   20 235.80   0.25
D   25 235.80   0.25
D   30 235.80   0.25
D   35 235.80   0.25
D   40 235.80   0.25
D   45 235.80   0.25
D   50 235.81   0.25
D   55 247.17   8.99
D   60 252.09  15.01
D   65 262.84  20.18
D   70 271.88  20.17
D   75 279.31  20.17
D   80 287.43  20.17
D   85 286.59  20.13
D   90 288.65  20.83
D   95 289.94  19.51
D  100 291.37  19.62
D  105 291.84  18.28
D  110 292.91  18.85
D  115 294.76  20.20
D  120 295.17  21.27
D  125 294.78  22.06
D  130 295.81  22.47
D  135 296.53  22.53
D  140 297.89  22.34
D  145 298.06  22.81
D  150 298.42  21.84
D  155 298.62  21.57
D  160 298.77  21.19
D  165 299.04  20.80
D  170 298.99  20.74
D  175 299.36  19.97
D  180 299.50  19.83
D  185 299.70  19.62
D  190 300.05  19.42
D  195 300.66  19.55
D  200 301.89  19.20
D  205 303.11  19.01
D  210 304.36  19.05
D  215 305.81  19.12
D  220 307.29  19.15
D  225 308.61  19.16
D  230 309.96  19.16
D  235 311.40  19.16
D  240 312.71  19.16
D  245 314.19  19.16
D  250 315.32  19.16
D  255 316.71  18.96
D  260 317.99  18.91
D  265 318.90  19.33
D  270 319.96  19.34
D  275 320.79  19.02
D  280 320.85  17.17
D  285 320.92  15.51
D  290 321.19  19.10
D  295 321.34  19.10
D  300 322.43  19.06
D  305 322.43  19.06
D  310 322.50  19.06
D  315 322.66  20.12
E  320 322.67  20.12
S 25/02/20 13:41:30
D    0 229.25 359.79
D    5 229.18 359.38
D   10 229.19   0.28
D   15 229.45   0.23
D   20 229.40   0.53
D   25 240.53   9.21
D   30 255.91  13.75
D   35 264.95  16.48
D   40 279.22  16.89
D   45 281.27  17.28
D   50 282.80  17.75
D   55 286.53  17.47
D   60 289.23  18.74
D   65 291.29  19.11
D   70 292.46  19.63
D   75 297.43  19.58
D   80 297.62  19.60
D   85 298.66  19.54
D   90 300.73  19.05
D   95 301.49  18.30
D  100 304.06  18.11
D  105 303.86  17.84
D  110 304.34  17.73
D  115 304.40  17.30
D  120 304.62  17.10
D  125 304.74  17.01
D  130 305.17  17.13
D  135 305.43  16.79
D  140 306.45  16.61
D  145 306.72  16.68
D  150 307.35  16.53
D  155 307.89  16.34
D  160 308.58  16.25
D  165 309.34  16.16
D  170 310.02  16.03
D  175 310.93  15.97
D  180 311.68  15.89
D  185 312.66  15.82
D  190 313.70  15.84
D  195 314.85  15.91
D  200 316.14  15.99
D  205 317.19  16.23
D  210 318.66  16.41
D  215 320.01  16.58
D  220 321.08  16.76
D  225 322.34  17.15
D  230 323.68  17.12
D  235 324.88  17.34
D  240 326.15  17.45
D  245 327.38  17.62
D  250 328.46  17.71
D  255 329.53  17.73
D  260 330.49  17.82
D  265 331.53  17.85
D  270 332.41  17.82
D  275 333.37  17.81
D  280 334.26  17.75
D  285 335.16  17.72
D  290 336.12  17.66
D  295 336.93  17.61
D  300 337.79  17.53
D  305 338.54  17.43
D  310 339.49  17.32
D  315 340.39  17.24
D  320 341.18  17.12
D  325 341.99  16.98
D  330 342.86  16.85
D  335 343.73  16.69
D  340 344.57  16.55
D  345 345.36  16.38
D  350 346.25  16.26
D  355 347.02  16.09
D  360 347.99  16.01
D  365 348.70  15.93
D  370 349.70  15.85
D  375 350.50  15.78
D  380 351.26  15.73
D  385 352.11  15.75
D  390 354.35  15.68
D  395 354.60  16.20
D  400 358.24  16.30
D  405   1.01  17.35
D  410   3.13  16.33
D  415  11.39  16.32
D  420  13.73  16.30
D  425  13.73  16.30
D  430  13.73  16.30
D  435  13.73  16.30
D  440  13.73  16.30
D  445  13.73  16.30
D  450  13.73  16.30
D  455  13.73  16.30
D  460  13.73  16.30
D  465  13.73  16.30
E  470  13.73  16.30
S 25/02/20 13:50:53
D    0 329.91 359.12
E    4 329.91 359.12
S 25/02/20 14:14:10
D    0 228.82   0.44
D    5 228.80   0.55
D   10 228.97   0.52
D   15 228.87   0.45
D   20 228.99   0.65
D   25 236.21  15.38
D   30 249.14  32.23
D   35 253.97  47.20
D   40 269.95  38.71
D   45 274.04  39.04
D   50 279.57  42.13
D   55 284.49  41.88
D   60 292.39  41.32
D   65 292.85  39.45
D   70 296.91  36.88
D   75 300.19  39.91
D   80 302.86  38.85
D   85 304.52  38.98
D   90 307.23  38.86
D   95 312.31  38.88
D  100 314.99  39.29
D  105 319.20  39.52
D  110 322.40  40.05
D  115 325.77  40.43
D  120 327.88  40.27
D  125 330.12  40.15
D  130 333.17  39.77
D  135 335.51  39.19
D  140 338.63  38.61
D  145 340.64  38.41
D  150 342.93  37.88
D  155 345.15  37.98
D  160 347.11  38.16
D  165 349.89  38.03
D  170 351.92  37.82
D  175 353.10  37.63
D  180 353.74  37.63
E  185 353.81  37.63
S 25/02/20 14:25:00
D    0 229.16   0.31
D    5 229.26   0.21
D   10 229.42   0.44
D   15 229.48   0.10
D   20 229.45   0.09
D   25 229.41   0.20
D   30 229.36   0.01
D   35 229.52 359.92
D   40 229.26   0.39
D   45 240.56   7.66
D   50 247.38  12.80
D   55 259.80  15.32
D   60 268.58  15.68
D   65 271.69  18.93
D   70 276.98  20.23
D   75 279.87  20.66
D   80 282.65  21.25
D   85 283.90  21.46
D   90 285.65  20.93
D   95 286.50  21.33
D  100 287.67  21.60
D  105 288.74  21.54
D  110 290.23  21.61
D  115 291.55  21.73
D  120 293.02  21.58
D  125 294.04  21.10
D  130 295.32  20.98
D  135 296.13  20.53
D  140 297.13  20.05
D  145 298.13  19.71
D  150 298.39  19.38
D  155 299.53  18.71
D  160 301.27  18.36
D  165 301.48  17.85
D  170 302.43  17.74
D  175 303.36  17.49
D  180 304.27  17.30
D  185 305.24  17.20
D  190 305.97  17.00
D  195 306.86  16.76
D  200 307.73  16.69
D  205 308.75  16.49
D  210 309.79  16.40
D  215 310.86  16.27
D  220 311.93  16.21
D  225 313.21  16.12
D  230 314.50  16.15
D  235 315.41  16.15
D  240 316.41  16.26
D  245 317.77  16.23
D  250 319.12  16.21
D  255 319.79  16.31
D  260 321.35  16.31
D  265 322.47  16.39
D  270 323.66  16.41
D  275 324.49  16.45
D  280 325.59  16.48
D  285 326.49  16.41
D  290 327.44  16.48
D  295 328.33  16.46
D  300 329.11  16.41
D  305 330.08  16.40
D  310 330.85  16.40
D  315 331.63  16.41
D  320 332.54  16.31
D  325 333.49  16.26
D  330 334.97  16.20
D  335 335.32  16.20
D  340 336.17  16.05
D  345 336.85  16.00
D  350 337.73  16.01
D  355 338.65  15.97
D  360 339.44  15.93
D  365 340.19  15.87
D  370 340.90  15.72
D  375 341.85  15.75
D  380 342.56  15.71
D  385 343.48  15.67
D  390 344.13  15.69
D  395 344.87  15.62
D  400 345.65  15.66
D  405 346.32  15.67
D  410 346.95  15.66
D  415 347.48  15.66
E  420 347.48  15.66
S 25/02/20 14:33:59
D    0 229.31 359.29
D    5 229.32 359.28
D   10 229.00 359.33
D   15 228.96 359.80
D   20 228.99 359.83
D   25 228.98 359.86
D   30 240.56   7.45
D   35 245.63  13.95
D   40 252.87  20.69
D   45 256.75  20.09
D   50 265.98  18.53
D   55 273.88  23.50
D   60 278.06  23.09
D   65 280.65  22.46
D   70 286.33  23.29
D   75 291.45  23.26
D   80 294.11  22.25
D   85 294.75  21.46
D   90 294.80  21.48
D   95 297.37  19.97
D  100 299.03  20.24
D  105 300.01  20.25
D  110 300.65  19.68
D  115 301.63  19.41
D  120 302.42  18.90
D  125 303.13  18.74
D  130 304.00  18.30
D  135 304.93  17.88
D  140 305.70  17.46
D  145 306.30  16.98
D  150 306.95  16.56
D  155 307.56  16.16
D  160 308.08  16.20
D  165 308.61  16.01
D  170 309.01  15.77
D  175 309.75  15.57
D  180 310.32  15.48
D  185 310.96  15.38
D  190 311.61  15.31
D  195 312.13  15.14
D  200 312.45  15.01
D  205 313.29  14.96
D  210 314.05  14.89
D  215 314.78  14.84
D  220 315.80  14.83
D  225 316.75  14.80
D  230 317.63  14.79
D  235 318.60  14.80
D  240 319.68  14.82
D  245 320.74  14.91
D  250 321.67  15.01
D  255 322.74  15.12
D  260 323.78  15.19
D  265 324.82  15.15
D  270 326.03  15.40
D  275 327.18  15.41
D  280 328.27  15.40
D  285 329.33  15.40
D  290 330.51  15.40
D  295 331.70  15.40
D  300 332.82  15.41
D  305 333.64  15.40
D  310 334.90  15.27
D  315 335.85  15.20
D  320 336.71  15.17
D  325 337.59  15.09
D  330 338.32  14.99
D  335 339.20  15.02
D  340 339.94  14.91
D  345 340.52  14.88
D  350 341.16  14.80
D  355 341.99  14.84
D  360 342.75  14.81
D  365 343.44  14.75
D  370 344.12  14.70
D  375 344.77  14.76
D  380 345.11  14.66
D  385 346.01  14.65
D  390 346.66  14.68
D  395 347.18  14.69
D  400 347.86  14.71
D  405 348.48  14.73
D  410 348.96  14.77
E  415 348.83  14.79
S 25/08/27 09:01:38
D    0 254.75  41.17
E    1 254.74  41.17
S 25/08/27 09:01:39
D    0 254.74  41.17
E    3 254.74  41.17
S 25/08/27 09:03:25
D    0 254.74  41.17
E    2 254.74  41.17
S 25/08/27 09:04:05
D    0 244.51  41.17
E    1 244.51  41.17
S 25/08/27 09:08:09
D    0 334.98   6.45
D    5 334.98   6.45
D   10 334.98   6.45
D   15 325.22   6.45
D   20 223.03   6.45
D   25 224.96  10.51
D   30 233.99  11.88
D   35 233.98  12.08
D   40 233.98  12.08
D   45 233.98  12.08
D   50 224.05  32.60
D   55 226.05  32.25
D   60 228.10  32.26
D   65 229.64  32.26
D   70 228.30  32.26
D   75 226.89  32.15
D   80 223.37  32.06
D   85 235.49  32.08
D   90 215.28  32.07
D   95 222.26  32.07
D  100 227.41  32.07
D  105 225.66  26.17
D  110 225.66  26.11
D  115 225.65  26.11
D  120 228.90  26.10
D  125 228.89  23.89
D  130 231.38  38.42
D  135 230.14  37.75
D  140 232.55  32.82
D  145 235.74  34.18
D  150 235.71  34.20
D  155 235.71  34.18
D  160 231.71  34.20
D  165 231.53  29.38
D  170 231.78  27.11
D  175 229.22  27.92
D  180 227.45  27.58
D  185 223.01  26.52
D  190 222.68  23.59
D  195 222.04  27.59
D  200 219.12  31.69
D  205 219.17  32.98
D  210 219.65  35.11
D  215 219.72  39.05
D  220 222.69  42.98
D  225 223.56  43.80
D  230 224.43  44.80
D  235 229.55  23.45
D  240 219.07  35.98
D  245 219.07  38.15
D  250 219.07  38.15
D  255 219.07  38.15
D  260 219.07  35.71
D  265 214.60  41.13
D  270 224.73  35.50
D  275 220.89  35.51
D  280 220.91  51.86
D  285 222.07  49.73
D  290 220.34  49.71
D  295 241.85  49.66
D  300 241.13  49.66
D  305 238.80  49.63
D  310 238.81  49.62
D  315 238.79  49.52
D  320 240.10  49.52
D  325 243.45  49.52
D  330 243.45  49.53
D  335 243.45  49.53
D  340 243.42  49.64
D  345 236.97  50.78
D  350 236.97  45.19
D  355 236.97  46.63
D  360 241.33  46.83
D  365 241.33  46.73
D  370 241.34  43.01
D  375 241.31  42.39
D  380 239.56  36.11
D  385 233.64  49.59
D  390 238.86  38.12
D  395 239.33  33.65
D  400 237.46  32.68
D  405 237.43  33.93
D  410 237.43  33.93
D  415 236.72  30.78
D  420 239.99  30.48
D  425 239.35  31.30
D  430 239.34  31.23
D  435 239.50  30.97
D  440 249.70  31.52
D  445 247.60  37.34
D  450 247.61  37.22
D  455 247.62  37.20
D  460 246.35  37.40
D  465 246.35  37.40
D  470 246.36  37.02
D  475 248.04  27.80
D  480 252.88  34.71
D  485 245.97  39.40
D  490 247.00  31.40
D  495 247.00  31.37
D  500 246.90  31.27
D  505 247.22  31.37
D  510 238.83  31.22
D  515 238.53  35.27
D  520 240.85  40.96
D  525 240.85  43.06
D  530 240.32  43.24
D  535 240.31  43.25
D  540 240.66  43.16
D  545 246.01  43.01
D  550 247.49  52.16
D  555 247.47  45.14
D  560 247.42  41.87
D  565 247.42  42.79
D  570 247.52  51.69
D  575 246.16  51.80
D  580 246.45  50.89
D  585 245.20  50.86
D  590 245.19  50.86
D  595 235.83  50.86
D  600 235.83  48.69
D  605 235.84  48.53
D  610 229.91  44.90
D  615 229.91  45.47
D  620 229.92  45.96
D  625 229.96  45.91
D  630 232.93  45.82
D  635 232.44  47.36
D  640 231.43  53.07
D  645 233.84  63.43
D  650 233.85  46.52
D  655 231.97  43.78
D  660 231.93  43.76
D  665 224.28  46.66
D  670 224.24  44.03
D  675 225.31  45.55
D  680 220.23  58.11
D  685 212.28  54.77
D  690 241.12  52.75
D  695 226.75  48.71
D  700 220.76  46.39
D  705 233.63  43.38
D  710 227.21  41.61
D  715 227.21  41.56
D  720 227.21  41.58
D  725 238.50  41.56
D  730 220.57  41.55
D  735 232.27  45.13
D  740 233.49  50.26
D  745 233.83  52.29
D  750 234.41  53.29
D  755 242.04  57.15
D  760 242.03  57.16
D  765 239.14  40.79
D  770 239.84  40.80
D  775 240.81  37.99
D  780 239.84  37.78
D  785 234.80  39.31
D  790 234.82  41.98
D  795 234.88  38.31
D  800 234.94  35.85
D  805 236.45  30.62
D  810 237.69  28.08
D  815 237.33  30.67
D  820 237.72  32.81
D  825 238.25  32.93
D  830 240.41  31.87
D  835 238.65  35.87
D  840 239.40  35.08
D  845 241.48  35.41
D  850 243.33  35.72
D  855 242.59  37.45
D  860 245.13  36.59
D  865 244.25  38.61
D  870 242.70  38.43
D  875 244.34  35.01
D  880 243.49  32.35
D  885 244.16  37.03
D  890 242.13  36.77
D  895 239.07  36.81
D  900 238.03  35.34
D  905 235.89  38.60
D  910 233.30  41.22
D  915 231.89  39.40
D  920 229.67  38.06
D  925 226.66  35.41
D  930 225.58  34.23
D  935 226.10  35.62
D  940 225.08  35.90
D  945 228.15  34.70
D  950 229.28  36.05
D  955 228.80  35.47
D  960 228.31  35.42
D  965 228.17  34.59
D  970 229.79  33.98
D  975 230.72  32.16
D  980 231.53  32.52
D  985 229.44  32.06
D  990 230.36  29.16
D  995 230.21  27.22
D 1000 233.40  25.50
D 1005 232.03  27.42
D 1010 229.89  28.80
D 1015 229.91  28.13
D 1020 230.96  28.33
D 1025 232.90  26.90
D 1030 233.68  23.70
D 1035 234.59  21.49
D 1040 237.04  25.92
D 1045 236.58  27.46
D 1050 238.40  28.72
D 1055 239.91  31.47
D 1060 240.46  34.50
D 1065 240.80  36.72
D 1070 240.53  34.30
D 1075 241.04  34.81
D 1080 240.06  34.10
D 1085 238.29  35.13
D 1090 238.10  34.33
D 1095 238.36  35.03
D 1100 237.80  35.04
D 1105 238.08  38.97
D 1110 233.35  41.33
D 1115 231.15  43.21
D 1120 232.01  42.15
D 1125 234.20  40.47
D 1130 236.62  40.71
D 1135 237.69  39.51
D 1140 235.73  38.66
D 1145 235.72  38.33
D 1150 233.31  40.30
D 1155 231.09  38.81
D 1160 230.17  38.40
D 1165 225.89  38.82
D 1170 226.13  38.40
D 1175 228.08  38.48
D 1180 227.62  40.52
D 1185 227.23  40.14
D 1190 227.32  40.85
D 1195 226.99  41.82
D 1200 230.80  41.41
D 1205 230.03  38.36
D 1210 233.31  37.73
D 1215 233.69  37.35
D 1220 234.40  37.81
D 1225 232.81  37.42
D 1230 233.11  36.79
D 1235 233.29  37.76
D 1240 230.06  39.06
D 1245 230.58  39.16
D 1250 234.13  39.15
D 1255 238.36  38.47
D 1260 241.20  36.70
D 1265 241.06  34.93
D 1270 236.94  36.53
D 1275 234.84  37.27
D 1280 235.80  37.86
D 1285 238.24  41.45
D 1290 239.36  42.35
D 1295 245.26  42.35
D 1300 252.87  45.24
D 1305 250.08  45.12
D 1310 249.75  43.31
D 1315 249.86  41.08
D 1320 248.35  40.90
D 1325 250.22  46.36
D 1330 248.04  45.52
D 1335 247.21  44.48
D 1340 243.34  46.48
D 1345 241.08  47.34
D 1350 240.68  45.85
D 1355 242.39  44.33
D 1360 241.83  43.73
D 1365 243.39  41.13
D 1370 243.62  39.51
D 1375 245.29  37.85
D 1380 247.55  35.08
D 1385 247.68  36.15
D 1390 248.25  36.85
D 1395 248.09  40.98
D 1400 247.38  40.27
D 1405 247.90  36.30
D 1410 248.40  35.79
D 1415 247.53  37.14
D 1420 244.81  37.22
D 1425 244.12  36.82
D 1430 241.42  36.41
D 1435 239.40  37.45
D 1440 237.33  37.41
D 1445 234.81  34.58
D 1450 233.77  34.02
D 1455 233.25  35.36
D 1460 233.75  35.02
D 1465 233.75  35.28
D 1470 234.81  32.33
D 1475 236.87  30.83
D 1480 241.63  31.15
D 1485 247.88  31.68
D 1490 252.75  35.86
D 1495 251.18  43.32
D 1500 249.40  41.02
D 1505 247.30  38.41
D 1510 246.02  36.43
D 1515 242.13  35.30
D 1520 240.03  36.57
D 1525 238.15  39.78
D 1530 239.67  39.50
D 1535 240.20  37.33
D 1540 242.63  37.93
D 1545 245.46  36.35
D 1550 244.43  34.92
D 1555 246.46  36.92
D 1560 251.71  38.63
D 1565 249.38  37.71
D 1570 248.71  37.51
D 1575 246.20  36.36
D 1580 242.27  33.46
D 1585 240.59  31.95
D 1590 240.29  32.25
D 1595 239.78  32.60
D 1600 237.99  34.30
D 1605 236.69  35.25
D 1610 237.06  36.41
D 1615 238.11  38.04
D 1620 239.99  40.51
D 1625 240.89  39.41
D 1630 243.53  38.35
D 1635 246.96  39.10
D 1640 244.34  39.97
D 1645 243.69  39.96
D 1650 243.53  38.59
D 1655 242.05  38.61
D 1660 245.69  38.80
D 1665 245.44  36.69
D 1670 242.25  33.81
D 1675 243.50  33.33
D 1680 247.32  36.55
D 1685 248.92  37.66
D 1690 250.53  38.67
D 1695 250.78  37.65
D 1700 256.92  39.89
D 1705 259.12  37.87
D 1710 260.14  36.20
D 1715 260.45  35.55
D 1720 257.31  36.97
D 1725 253.86  38.91
D 1730 249.26  39.50
D 1735 243.52  39.41
D 1740 243.31  35.19
D 1745 242.63  31.06
D 1750 242.89  28.92
D 1755 243.21  24.06
D 1760 242.30  24.91
D 1765 242.55  25.56
D 1770 243.55  27.13
D 1775 242.45  29.86
D 1780 239.31  34.74
D 1785 233.05  37.75
D 1790 234.26  40.53
D 1795 233.71  44.72
D 1800 239.54  48.88
D 1805 240.69  49.85
D 1810 241.11  49.57
D 1815 239.66  46.49
D 1820 239.23  44.90
D 1825 233.05  45.23
D 1830 233.10  45.82
D 1835 232.11  45.82
D 1840 236.32  48.84
D 1845 253.67  49.77
D 1850 265.78  36.19
D 1855 261.16  50.05
D 1860 261.16  50.05
D 1865 261.16  50.05
D 1870 256.44  50.08
D 1875 245.99  59.81
D 1880 245.97  62.03
D 1885 247.75  52.92
D 1890 234.75  52.66
D 1895 244.98  52.46
D 1900 241.84  52.51
D 1905 245.38  49.19
D 1910 248.45  46.06
D 1915 253.10  48.72
D 1920 254.58  49.38
D 1925 252.01  53.53
D 1930 250.27  53.78
D 1935 250.27  39.99
D 1940 250.67  44.71
D 1945 250.65  49.33
D 1950 250.63  43.62
D 1955 249.46  41.15
D 1960 251.70  40.92
D 1965 255.60  27.44
D 1970 248.94  34.01
D 1975 241.58  39.50
D 1980 235.55  43.01
D 1985 232.63  42.92
D 1990 235.10  37.15
D 1995 235.28  34.57
D 2000 235.29  43.24
D 2005 239.50  52.07
D 2010 243.98  52.04
D 2015 249.56  52.15
D 2020 245.44  56.83
D 2025 247.16  56.80
D 2030 247.15  55.76
D 2035 248.04  55.66
D 2040 254.45  54.45
D 2045 254.14  54.26
D 2050 252.03  56.64
D 2055 254.96  54.76
D 2060 257.18  54.76
D 2065 257.17  55.26
D 2070 248.32  55.16
D 2075 249.71  54.80
D 2080 249.72  55.07
D 2085 247.16  56.03
D 2090 237.24  56.00
D 2095 233.79  44.92
D 2100 233.36  52.31
D 2105 243.31  46.21
D 2110 246.02  46.87
D 2115 250.70  46.88
D 2120 253.51  46.87
D 2125 273.39  46.88
D 2130 276.64  60.60
D 2135 269.90  27.51
D 2140 261.65  10.81
D 2145 258.98  37.30
D 2150 260.75  36.93
D 2155 255.52  30.98
D 2160 255.40  50.86
D 2165 260.22  32.59
D 2170 258.46  39.71
D 2175 253.35   7.20
D 2180 246.51  16.57
D 2185 243.67  29.88
D 2190 244.72  27.35
D 2195 243.83  27.25
D 2200 243.41  26.79
D 2205 242.70  25.96
D 2210 240.60  27.46
D 2215 241.83  28.42
D 2220 242.40  28.45
D 2225 242.45  28.02
D 2230 244.88  27.04
D 2235 246.56  27.03
D 2240 247.56  27.52
D 2245 248.99  26.79
D 2250 248.73  27.33
D 2255 252.71  29.93
D 2260 251.89  33.98
D 2265 252.39  33.78
D 2270 251.87  32.47
D 2275 250.52  31.08
D 2280 250.51  29.96
D 2285 250.52  29.74
D 2290 248.25  29.28
D 2295 247.92  28.33
D 2300 249.25  26.06
D 2305 249.55  25.36
D 2310 249.61  25.27
D 2315 248.87  26.23
D 2320 250.92  27.15
D 2325 248.33  27.62
D 2330 244.95  25.50
D 2335 244.89  25.32
D 2340 243.93  27.54
D 2345 242.80  29.08
D 2350 243.80  29.60
D 2355 243.49  29.54
D 2360 241.73  29.53
D 2365 242.45  29.53
D 2370 242.31  32.80
D 2375 242.27  39.23
D 2380 241.89  41.37
D 2385 238.47  38.25
D 2390 242.37  40.26
D 2395 242.41  38.43
D 2400 242.40  34.58
D 2405 242.70  33.28
D 2410 238.77  33.38
D 2415 240.71  33.38
D 2420 233.62  37.70
D 2425 246.78  25.67
D 2430 246.79  24.88
D 2435 247.07  24.26
D 2440 249.13  24.39
D 2445 250.57  27.86
D 2450 250.60  28.63
D 2455 247.39  29.96
D 2460 246.68  29.74
D 2465 249.95  30.51
D 2470 254.48  30.15
D 2475 251.79  29.81
D 2480 251.84  29.90
D 2485 250.64  27.60
D 2490 252.90  27.69
D 2495 251.99  28.33
D 2500 251.55  26.04
D 2505 249.12  24.13
D 2510 246.19  25.26
D 2515 243.58  28.25
D 2520 244.28  32.04
D 2525 248.08  36.31
D 2530 249.46  38.77
D 2535 250.58  36.61
D 2540 248.30  34.43
D 2545 246.40  32.58
D 2550 244.97  31.50
D 2555 241.36  31.97
D 2560 239.79  31.74
D 2565 237.05  32.33
D 2570 237.06  32.35
D 2575 238.32  32.44
D 2580 238.90  32.41
D 2585 238.18  32.41
D 2590 240.68  33.21
D 2595 241.92  37.82
D 2600 242.67  38.97
D 2605 243.38  40.07
D 2610 241.92  40.07
D 2615 239.32  39.75
D 2620 237.04  37.07
D 2625 237.85  35.77
D 2630 238.96  33.18
D 2635 240.41  31.39
D 2640 240.81  30.44
D 2645 241.05  29.02
D 2650 242.33  28.93
D 2655 245.19  28.81
D 2660 246.05  30.36
D 2665 246.07  31.89
D 2670 247.53  31.89
D 2675 245.51  30.79
D 2680 244.39  29.89
D 2685 242.34  29.81
D 2690 238.93  31.48
D 2695 237.60  34.62
D 2700 236.16  35.07
D 2705 237.31  34.05
D 2710 238.10  33.55
D 2715 239.19  36.50
D 2720 241.82  37.80
D 2725 244.82  43.65
D 2730 244.44  51.34
D 2735 239.39  34.77
D 2740 235.60  26.46
D 2745 222.92  26.34
D 2750 234.48  26.40
D 2755 252.69  25.10
D 2760 244.68  12.33
D 2765 256.00  20.00
D 2770 263.59  35.76
D 2775 270.01  31.63
D 2780 272.49  39.98
D 2785 251.01  34.20
D 2790 244.54  28.36
D 2795 251.61  36.38
D 2800 251.62  33.11
D 2805 257.75  32.87
D 2810 257.73  31.49
D 2815 257.83  31.75
D 2820 257.55  30.62
D 2825 257.55  29.75
E 2830 257.58  29.68
S 25/08/27 12:20:31
D    0*297.16 350.00
E    5 357.69 350.29
S 25/08/29 08:29:12
D    0 202.91  22.10
D    5 201.90  22.93
D   10 199.70  21.49
D   15 196.92  25.76
D   20 194.80  26.09
D   25 194.79  25.96
D   30 194.67  25.50
D   35 194.65  23.55
D   40 197.43  24.92
D   45 197.97  28.20
D   50 201.38  30.28
D   55 202.17  29.65
D   60 201.41  28.98
D   65 199.06  29.26
D   70 195.38  28.71
D   75 193.87  28.65
D   80 193.30  28.13
D   85 191.59  27.70
E   90 191.71  26.93
S 25/08/29 08:31:09
D    0 191.89  24.63
D    5 192.64  24.31
D   10 192.31  25.62
D   15 194.07  26.44
D   20 195.40  26.85
D   25 196.18  26.16
D   30 195.70  25.79
D   35 193.83  25.77
D   40 193.81  26.03
D   45 194.95  26.24
D   50 194.27  23.00
D   55 193.58  20.96
D   60 192.65  19.59
D   65 193.76  20.28
D   70 194.38  21.60
D   75 196.62  22.14
D   80 199.14  22.44
D   85 200.63  20.98
D   90 198.78  19.90
D   95 198.65  19.86
D  100 199.05  20.53
D  105 198.40  21.04
D  110 197.91  21.60
D  115 197.61  22.06
D  120 196.52  21.97
D  125 195.36  21.15
D  130 194.21  21.17
D  135 193.03  21.25
D  140 192.75  20.87
D  145 192.95  20.65
D  150 194.28  19.58
D  155 194.83  19.40
D  160 196.08  20.34
D  165 195.82  21.58
D  170 195.89  21.62
D  175 195.96  21.66
D  180 194.83  22.26
D  185 194.25  25.31
D  190 193.15  27.75
D  195 191.27  27.30
D  200 194.49  27.53
D  205 194.42  27.90
D  210 193.80  27.69
D  215 192.50  30.21
D  220 191.89  26.67
D  225 191.93  22.71
D  230 192.56  17.06
D  235 193.33  15.88
D  240 193.66  17.28
D  245 190.68  18.87
D  250 191.18  22.26
D  255 189.33  25.62
D  260 189.10  25.45
D  265 188.96  25.32
D  270 189.26  25.55
D  275 195.76  29.13
D  280 192.87  30.21
D  285 192.68  27.80
D  290 192.68  25.65
D  295 192.84  23.36
D  300 191.13  20.76
D  305 190.26  18.96
D  310 189.23  20.36
D  315 189.28  22.81
D  320 189.84  25.27
D  325 189.48  24.15
D  330 192.20  26.55
D  335 192.33  26.62
D  340 193.36  29.22
D  345 193.91  30.82
D  350 194.30  27.45
D  355 194.35  26.32
D  360 194.36  24.64
D  365 195.14  22.68
D  370 196.25  22.26
D  375 196.11  24.01
D  380 196.16  25.23
D  385 197.00  24.71
D  390 197.27  23.07
D  395 196.15  23.15
D  400 195.07  23.25
D  405 194.17  25.05
D  410 194.77  27.27
D  415 193.48  26.91
D  420 192.28  26.36
D  425 192.51  24.11
D  430 192.51  21.36
D  435 193.11  20.67
D  440 192.80  19.44
D  445 192.80  21.72
D  450 191.58  21.34
D  455 191.37  22.57
D  460 190.88  21.68
D  465 190.07  23.61
D  470 190.22  24.29
D  475 189.56  22.79
D  480 190.80  20.99
D  485 191.20  19.75
D  490 193.26  20.65
D  495 195.96  19.20
D  500 195.67  19.40
D  505 197.22  20.00
D  510 197.82  20.10
D  515 198.23  19.08
D  520 197.91  18.47
D  525 199.36  17.82
D  530 200.03  18.48
D  535 199.31  19.26
D  540 198.13  19.32
D  545 198.71  18.58
D  550 198.86  18.36
D  555 200.21  20.17
D  560 202.16  22.62
D  565 202.90  21.75
D  570 203.10  20.52
D  575 201.98  21.38
D  580 201.42  21.30
D  585 199.72  21.37
D  590 200.27  21.75
D  595 199.44  20.27
D  600 199.71  18.96
D  605 199.67  20.23
D  610 200.37  20.90
D  615 202.87  22.61
D  620 202.68  23.18
D  625 203.51  24.11
D  630 200.85  26.66
D  635 199.48  27.33
D  640 198.98  29.20
D  645 197.81  28.01
D  650 197.07  28.76
D  655 195.39  27.80
D  660 195.47  25.93
D  665 194.80  24.38
D  670 193.07  25.15
D  675 193.87  27.03
D  680 194.58  27.14
D  685 192.80  26.58
D  690 193.30  27.33
D  695 191.92  25.36
D  700 191.95  23.27
D  705 195.06  21.95
D  710 196.61  20.23
D  715 198.73  19.28
D  720 198.58  18.85
D  725 199.37  16.84
D  730 199.18  16.87
D  735 199.08  18.50
D  740 199.18  17.53
D  745 199.43  18.00
D  750 199.73  18.37
D  755 199.84  20.33
D  760 198.90  19.37
D  765 197.71  19.50
D  770 196.33  22.29
D  775 196.23  21.25
D  780 197.45  23.61
D  785 200.26  25.67
D  790 200.55  27.21
D  795 202.74  29.47
D  800 201.71  29.32
D  805 201.78  29.19
D  810 200.57  25.93
D  815 200.04  25.81
D  820 200.29  23.63
D  825 200.34  24.04
D  830 200.63  23.90
D  835 199.40  27.06
D  840 195.75  28.93
D  845 195.36  29.47
D  850 193.97  30.13
D  855 195.63  29.60
D  860 194.16  27.66
D  865 194.18  24.90
D  870 194.21  23.15
D  875 193.39  21.98
D  880 192.00  25.18
D  885 188.00  24.36
D  890 186.01  24.10
D  895 186.37  21.13
D  900 186.39  21.24
D  905 186.29  24.13
D  910 190.36  24.43
D  915 190.01  24.96
D  920 189.67  25.58
D  925 189.37  25.86
D  930 191.31  26.86
D  935 193.50  25.89
D  940 198.59  29.73
D  945 201.99  32.20
D  950 201.55  31.79
D  955 201.16  31.83
D  960 197.59  32.26
D  965 199.26  32.61
D  970 199.65  30.73
D  975 199.53  26.75
D  980 201.21  24.35
D  985 202.70  23.22
D  990 203.16  23.22
D  995 202.66  22.52
D 1000 203.06  21.48
D 1005 203.06  19.27
D 1010 202.74  18.94
D 1015 205.78  17.98
D 1020 205.78  17.35
D 1025 206.51  16.94
D 1030 206.51  16.59
D 1035 206.60  16.45
D 1040 206.25  16.37
D 1045 206.23  16.10
D 1050 206.15  15.29
D 1055 205.39  15.97
D 1060 204.83  17.28
D 1065 204.67  17.30
D 1070 204.31  16.86
D 1075 203.14  16.17
D 1080 202.70  15.38
D 1085 202.70  15.33
D 1090 202.74  13.66
D 1095 203.59  14.25
D 1100 205.20  14.55
D 1105 205.73  14.38
D 1110 206.21  16.38
D 1115 206.77  18.84
D 1120 204.02  19.06
D 1125 202.17  19.59
D 1130 202.01  19.68
D 1135 201.80  20.36
D 1140 202.76  20.01
D 1145 203.50  21.86
D 1150 201.66  21.87
D 1155 201.46  21.77
D 1160 201.67  23.05
D 1165 198.30  23.71
D 1170 194.97  24.69
D 1175 194.29  24.77
D 1180 195.28  22.73
D 1185 192.88  21.68
D 1190 192.95  21.68
D 1195 196.85  21.62
D 1200 198.14  21.61
D 1205 200.27  20.49
D 1210 200.81  20.33
D 1215 203.09  22.60
D 1220 201.36  23.01
D 1225 200.76  23.57
D 1230 200.76  22.52
D 1235 200.16  22.95
D 1240 200.18  23.60
D 1245 199.52  25.98
D 1250 197.44  27.70
D 1255 195.50  29.20
D 1260 193.35  27.77
D 1265 193.34  25.68
D 1270 193.34  23.06
D 1275 193.35  22.52
D 1280 193.35  22.00
D 1285 192.35  22.01
D 1290 192.35  22.13
D 1295 192.35  21.61
D 1300 193.50  21.95
D 1305 195.32  23.49
D 1310 197.33  24.76
D 1315 197.06  25.61
D 1320 196.40  25.50
D 1325 195.50  26.21
D 1330 195.49  26.44
D 1335 195.49  26.88
D 1340 195.28  25.35
D 1345 194.57  24.63
D 1350 195.37  23.54
D 1355 195.73  21.86
D 1360 196.71  21.43
D 1365 196.71  21.65
D 1370 195.95  20.77
D 1375 195.94  22.55
D 1380 196.42  23.76
D 1385 196.41  23.48
D 1390 197.28  23.10
D 1395 198.28  22.14
D 1400 198.28  21.53
D 1405 197.12  21.68
D 1410 196.33  23.03
D 1415 197.23  23.31
D 1420 197.78  23.14
D 1425 198.04  22.11
D 1430 198.60  19.93
D 1435 198.13  20.24
D 1440 198.90  21.22
D 1445 199.75  21.28
D 1450 200.79  22.41
D 1455 202.75  22.76
D 1460 202.98  23.19
D 1465 202.07  24.44
D 1470 202.33  25.18
D 1475 201.65  24.42
D 1480 200.60  23.33
D 1485 200.38  23.85
D 1490 200.38  23.58
D 1495 199.97  22.48
D 1500 200.72  22.68
D 1505 199.53  24.67
D 1510 196.73  26.27
D 1515 195.25  26.90
D 1520 194.68  25.88
D 1525 195.11  24.31
D 1530 196.21  24.27
D 1535 197.25  23.93
D 1540 197.74  22.06
D 1545 197.89  22.07
D 1550 197.88  22.43
D 1555 197.96  22.90
D 1560 197.93  22.07
D 1565 196.30  22.69
D 1570 196.30  22.53
D 1575 195.66  22.35
D 1580 195.67  21.04
D 1585 194.75  21.05
D 1590 193.89  22.34
D 1595 191.25  24.70
D 1600 191.54  24.28
D 1605 191.64  26.11
D 1610 192.41  26.41
D 1615 193.15  25.23
D 1620 194.48  25.63
D 1625 194.48  24.63
D 1630 195.35  23.98
D 1635 196.87  24.25
D 1640 196.87  23.88
D 1645 198.26  22.94
D 1650 199.13  21.75
D 1655 199.31  20.29
D 1660 198.81  19.71
D 1665 198.81  18.53
D 1670 198.12  19.58
D 1675 196.34  18.81
D 1680 194.76  19.19
D 1685 194.76  26.07
D 1690 194.21  26.77
D 1695 193.59  26.72
D 1700 193.01  25.35
D 1705 191.90  25.36
D 1710 191.53  24.93
D 1715 191.51  24.99
D 1720 190.91  25.26
D 1725 188.86  24.86
D 1730 189.23  25.83
D 1735 189.72  25.24
D 1740 191.18  23.73
D 1745 191.50  23.28
D 1750 192.00  23.08
D 1755 192.43  22.63
D 1760 192.77  20.85
D 1765 193.00  23.57
D 1770 193.25  25.41
D 1775 192.81  26.34
D 1780 192.63  26.40
D 1785 192.00  23.85
D 1790 191.87  21.11
D 1795 193.33  22.73
D 1800 193.89  21.59
D 1805 194.09  21.90
D 1810 193.09  24.21
D 1815 192.94  24.66
D 1820 193.51  27.62
D 1825 193.40  28.47
D 1830 197.67  27.74
D 1835 198.31  28.10
D 1840 198.40  27.29
D 1845 196.78  24.93
D 1850 196.63  23.29
D 1855 195.30  22.08
D 1860 194.89  22.26
D 1865 195.45  21.30
D 1870 195.41  21.93
D 1875 196.09  21.57
D 1880 196.04  21.08
D 1885 195.45  22.64
D 1890 196.37  24.75
D 1895 195.98  24.86
D 1900 195.23  24.60
D 1905 194.90  24.19
D 1910 196.01  22.98
D 1915 196.32  22.15
D 1920 196.76  21.80
D 1925 198.42  21.14
D 1930 198.86  21.86
D 1935 199.15  22.05
D 1940 199.15  21.70
D 1945 198.54  22.31
D 1950 197.94  22.23
D 1955 198.94  20.97
D 1960 199.15  20.73
D 1965 199.28  20.99
D 1970 199.85  20.50
D 1975 199.92  20.38
D 1980 201.91  22.35
D 1985 201.59  22.03
D 1990 202.17  20.89
D 1995 202.89  23.32
D 2000 202.44  26.00
D 2005 201.45  25.68
D 2010 200.21  23.96
D 2015 198.26  23.03
D 2020 196.81  22.31
D 2025 196.70  19.86
D 2030 197.46  19.13
D 2035 198.75  17.93
D 2040 199.91  17.69
D 2045 200.52  17.60
D 2050 201.98  16.65
D 2055 203.54  15.44
D 2060 203.55  15.68
D 2065 204.79  16.57
D 2070 206.09  16.32
D 2075 206.10  16.34
D 2080 206.90  17.80
D 2085 207.63  18.88
D 2090 206.97  19.01
D 2095 207.78  18.09
D 2100 207.56  16.30
D 2105 207.55  17.05
D 2110 207.73  16.55
D 2115 207.53  17.09
D 2120 207.75  18.28
D 2125 208.06  19.60
D 2130 207.88  20.09
D 2135 208.81  21.71
D 2140 208.69  22.92
D 2145 206.31  25.09
D 2150 202.56  27.52
D 2155 200.48  30.37
D 2160 198.12  30.88
D 2165 195.98  30.88
D 2170 195.38  29.22
D 2175 195.40  27.76
D 2180 196.24  26.94
D 2185 196.27  24.57
D 2190 197.96  22.91
D 2195 199.37  21.94
D 2200 200.10  21.34
D 2205 201.68  19.98
D 2210 202.95  19.07
D 2215 204.32  17.93
D 2220 205.64  17.41
D 2225 205.92  16.97
D 2230 206.80  16.53
D 2235 208.38  15.23
D 2240 208.39  15.09
D 2245 208.12  15.41
D 2250 208.25  15.03
D 2255 207.82  14.52
D 2260 207.30  14.75
D 2265 206.16  15.21
D 2270 206.25  16.62
D 2275 204.06  16.40
D 2280 205.07  15.69
D 2285 204.86  15.38
D 2290 204.43  16.02
D 2295 203.96  18.45
D 2300 204.18  18.25
D 2305 203.52  21.49
D 2310 202.75  24.33
D 2315 202.00  24.26
D 2320 202.81  22.89
D 2325 202.84  22.40
D 2330 205.24  21.16
D 2335 205.51  19.18
D 2340 202.65  19.13
D 2345 201.69  18.97
D 2350 202.30  19.07
D 2355 202.23  21.90
D 2360 202.23  21.79
D 2365 201.49  21.03
D 2370 201.55  21.48
D 2375 202.55  19.15
D 2380 202.11  19.90
D 2385 202.10  20.83
D 2390 203.02  23.19
D 2395 204.70  23.95
D 2400 206.03  22.65
D 2405 206.47  22.50
D 2410 206.84  23.74
D 2415 205.71  25.04
D 2420 204.47  26.39
D 2425 204.12  25.48
D 2430 205.65  25.18
D 2435 206.82  23.56
D 2440 207.89  23.60
D 2445 209.40  23.33
D 2450 209.40  25.35
D 2455 208.78  27.49
D 2460 207.74  28.98
D 2465 208.38  30.47
D 2470 207.01  31.90
D 2475 205.01  31.69
D 2480 202.87  32.55
D 2485 203.08  31.61
D 2490 203.66  30.58
D 2495 204.36  29.09
D 2500 204.36  28.18
D 2505 204.26  27.31
D 2510 204.27  26.51
D 2515 204.26  26.04
D 2520 206.13  25.47
D 2525 207.80  24.48
D 2530 207.91  24.57
D 2535 207.21  25.17
D 2540 206.92  24.78
D 2545 207.55  23.24
D 2550 209.50  23.21
D 2555 210.33  22.87
D 2560 210.41  23.28
D 2565 210.43  22.45
D 2570 211.31  21.93
D 2575 211.32  21.63
D 2580 211.75  20.86
D 2585 211.91  19.93
D 2590 210.87  20.57
D 2595 212.59  21.31
D 2600 213.59  21.45
D 2605 214.33  21.70
D 2610 214.42  22.63
D 2615 214.76  24.50
D 2620 213.05  25.03
D 2625 211.79  23.46
D 2630 210.64  22.29
D 2635 207.18  23.07
D 2640 207.67  25.22
D 2645 207.79  27.10
D 2650 207.60  26.00
D 2655 208.20  25.93
D 2660 208.57  25.40
D 2665 208.69  25.38
D 2670 208.21  25.65
D 2675 208.15  25.15
D 2680 205.97  26.10
D 2685 206.55  25.93
D 2690 207.09  26.59
D 2695 207.55  26.52
D 2700 206.88  25.74
D 2705 205.66  23.55
D 2710 203.89  22.31
D 2715 203.36  21.55
D 2720 202.62  21.11
D 2725 202.62  20.88
D 2730 203.49  21.10
D 2735 204.61  21.25
D 2740 204.66  21.34
D 2745 204.66  21.33
D 2750 205.07  22.68
D 2755 206.02  23.68
D 2760 205.60  24.55
D 2765 205.05  23.31
D 2770 203.79  22.63
D 2775 203.38  23.01
D 2780 202.88  22.40
D 2785 204.79  21.79
D 2790 205.60  21.98
D 2795 204.96  24.28
D 2800 204.84  23.85
D 2805 204.54  23.39
D 2810 206.15  23.36
D 2815 206.75  25.74
D 2820 206.65  26.09
D 2825 204.61  24.85
D 2830 203.11  23.14
D 2835 202.78  22.46
D 2840 202.96  22.73
D 2845 204.67  22.60
D 2850 204.05  23.68
D 2855 202.66  25.75
D 2860 202.43  25.68
D 2865 202.34  26.29
D 2870 202.97  29.50
D 2875 205.09  32.87
D 2880 205.09  33.68
D 2885 203.77  32.98
D 2890 203.29  30.85
D 2895 202.28  28.27
D 2900 202.60  26.16
D 2905 204.29  24.75
D 2910 205.74  23.38
D 2915 207.41  21.62
D 2920 208.78  21.07
D 2925 207.76  23.49
D 2930 205.06  24.60
D 2935 202.01  26.92
D 2940 200.50  27.27
D 2945 199.83  27.31
D 2950 199.57  27.04
D 2955 201.25  26.08
D 2960 203.51  26.76
D 2965 205.00  26.31
D 2970 204.58  25.48
D 2975 203.45  24.58
D 2980 202.72  25.21
D 2985 202.47  24.60
D 2990 203.72  24.13
D 2995 203.73  23.56
D 3000 204.91  24.26
D 3005 204.87  25.74
D 3010 205.11  28.19
D 3015 204.63  28.54
D 3020 204.10  27.59
D 3025 203.66  26.55
D 3030 202.27  26.42
D 3035 201.42  29.14
D 3040 200.02  28.12
D 3045 200.69  28.07
D 3050 202.27  27.52
D 3055 204.07  28.08
D 3060 204.65  26.60
D 3065 205.46  26.10
D 3070 205.87  25.91
D 3075 208.29  25.31
D 3080 209.33  25.69
D 3085 208.97  27.34
D 3090 209.30  29.33
D 3095 211.75  31.03
D 3100 212.89  34.36
D 3105 213.84  34.41
D 3110 215.90  31.45
D 3115 216.75  28.98
D 3120 216.83  27.15
D 3125 216.22  25.60
D 3130 214.84  24.64
D 3135 212.75  23.39
D 3140 211.28  21.80
D 3145 207.82  22.75
D 3150 206.05  23.63
D 3155 204.52  23.65
D 3160 203.14  24.13
D 3165 203.11  25.09
D 3170 202.87  24.56
D 3175 202.88  24.16
D 3180 203.72  24.10
D 3185 203.92  22.81
D 3190 202.71  23.67
D 3195 201.37  24.80
D 3200 202.29  25.78
D 3205 203.60  24.91
D 3210 206.05  24.40
D 3215 207.21  23.36
D 3220 209.16  23.92
D 3225 209.51  23.20
D 3230 210.72  20.85
D 3235 210.01  21.03
D 3240 208.46  21.17
D 3245 208.15  19.86
D 3250 207.43  19.50
D 3255 207.29  19.07
D 3260 207.05  19.18
D 3265 207.05  18.82
D 3270 207.14  18.47
D 3275 207.15  19.95
D 3280 208.29  22.65
D 3285 208.61  23.67
D 3290 208.84  23.05
D 3295 207.65  23.65
D 3300 206.49  24.93
D 3305 206.98  24.03
D 3310 207.77  22.41
D 3315 208.12  19.68
D 3320 209.24  18.52
D 3325 210.20  17.77
D 3330 211.30  17.34
D 3335 212.55  17.69
D 3340 211.89  19.05
D 3345 211.45  20.96
D 3350 211.45  20.97
D 3355 208.72  21.49
D 3360 207.43  20.51
D 3365 206.26  22.68
D 3370 205.38  21.85
D 3375 205.18  20.40
D 3380 204.65  20.40
D 3385 203.33  19.34
D 3390 202.05  18.82
D 3395 202.09  20.99
D 3400 204.06  21.23
D 3405 202.48  21.69
D 3410 200.06  20.99
D 3415 198.84  21.85
D 3420 199.06  21.86
D 3425 199.31  20.87
D 3430 200.13  20.27
D 3435 201.78  20.37
D 3440 203.13  18.90
D 3445 204.25  18.18
D 3450 204.31  17.80
D 3455 204.41  19.23
D 3460 204.86  19.48
D 3465 204.36  20.07
D 3470 202.23  19.47
D 3475 199.36  19.83
D 3480 198.64  24.78
D 3485 197.97  25.27
D 3490 197.54  25.23
D 3495 201.31  24.50
D 3500 202.41  23.18
D 3505 202.95  22.08
D 3510 205.86  21.16
D 3515 204.69  21.80
D 3520 204.71  23.31
D 3525 206.78  23.55
D 3530 208.75  25.70
D 3535 209.10  24.15
D 3540 208.81  22.75
D 3545 208.11  25.67
D 3550 208.11  29.78
D 3555 207.22  30.76
D 3560 204.58  32.69
D 3565 202.98  29.34
D 3570 201.79  32.42
D 3575 199.95  35.19
D 3580 202.60  37.82
D 3585 202.35  35.90
D 3590 200.83  33.47
D 3595 201.00  34.84
D 3600 200.75  36.27
D 3605 202.57  36.14
D 3610 201.81  37.18
D 3615 203.36  38.44
D 3620 202.09  37.18
D 3625 199.93  32.86
D 3630 199.69  31.73
D 3635 199.76  29.55
D 3640 199.85  32.01
D 3645 199.37  34.28
D 3650 198.94  37.75
D 3655 199.48  36.54
D 3660 200.13  33.18
D 3665 204.19  33.07
D 3670 206.32  33.28
D 3675 205.87  32.14
D 3680 205.28  29.67
D 3685 205.54  29.78
D 3690 202.93  30.75
D 3695 200.18  30.88
D 3700 199.05  31.36
D 3705 199.83  31.04
D 3710 201.80  32.71
D 3715 204.87  33.04
D 3720 204.15  31.60
D 3725 204.75  30.15
D 3730 203.56  28.14
D 3735 202.97  26.09
D 3740 202.91  24.05
D 3745 203.22  22.93
D 3750 202.41  22.00
D 3755 200.85  19.98
D 3760 199.29  22.10
D 3765 198.64  22.00
D 3770 197.40  20.47
D 3775 197.04  19.98
D 3780 199.01  21.07
D 3785 200.21  22.40
D 3790 201.94  22.18
D 3795 204.17  20.90
D 3800 205.92  20.06
D 3805 206.45  18.54
D 3810 207.58  17.41
D 3815 207.53  18.43
D 3820 207.64  19.15
D 3825 207.64  18.96
D 3830 207.88  16.75
D 3835 207.63  15.66
D 3840 207.01  14.99
D 3845 207.49  14.94
D 3850 207.15  16.63
D 3855 205.01  14.82
D 3860 205.38  15.45
D 3865 204.91  14.13
D 3870 204.39  14.21
D 3875 203.37  15.23
D 3880 201.61  14.97
D 3885 201.17  17.04
D 3890 200.56  16.04
D 3895 201.28  15.16
D 3900 202.68  15.09
D 3905 204.24  15.24
D 3910 205.37  16.94
D 3915 207.20  17.88
D 3920 207.93  18.21
D 3925 208.56  20.76
D 3930 208.18  21.26
D 3935 206.66  21.37
D 3940 205.73  21.16
D 3945 205.44  21.37
D 3950 206.88  21.17
D 3955 207.05  23.02
D 3960 207.34  22.44
D 3965 208.39  20.29
D 3970 208.39  19.56
D 3975 206.83  18.99
D 3980 203.57  21.70
D 3985 201.28  22.82
D 3990 198.38  24.45
D 3995 197.61  25.73
D 4000 196.27  28.38
D 4005 196.72  27.06
D 4010 198.61  27.63
D 4015 199.16  24.36
D 4020 200.21  21.58
D 4025 199.33  22.60
D 4030 201.02  22.30
D 4035 202.09  19.77
D 4040 202.33  18.49
D 4045 199.56  17.73
D 4050 198.22  17.55
D 4055 197.55  17.85
D 4060 196.85  18.01
D 4065 198.19  19.02
D 4070 201.32  19.02
D 4075 202.88  19.08
D 4080 203.55  20.11
D 4085 204.55  20.58
D 4090 205.17  21.40
D 4095 206.10  22.15
D 4100 207.01  23.91
D 4105 209.87  25.92
D 4110 211.50  25.24
D 4115 211.55  23.07
D 4120 210.13  21.47
D 4125 210.13  19.79
D 4130 208.23  18.13
D 4135 207.42  17.73
D 4140 205.90  17.38
D 4145 204.89  16.47
D 4150 204.48  15.80
D 4155 204.20  15.44
D 4160 205.60  15.32
D 4165 207.43  16.85
D 4170 208.75  15.58
D 4175 208.50  15.04
D 4180 208.47  14.65
D 4185 207.32  13.57
D 4190 207.16  13.33
D 4195 206.99  14.52
D 4200 208.09  14.79
D 4205 207.66  13.35
D 4210 207.53  13.25
D 4215 207.63  13.28
D 4220 206.80  14.46
D 4225 206.05  17.02
D 4230 203.53  19.61
D 4235 203.28  19.73
D 4240 202.26  19.84
D 4245 201.26  20.07
D 4250 200.36  21.50
D 4255 198.85  24.28
D 4260 199.21  23.84
D 4265 198.54  23.26
D 4270 199.03  23.56
D 4275 202.31  23.91
D 4280 202.58  23.59
D 4285 202.15  22.20
D 4290 203.01  22.97
D 4295 203.44  23.91
D 4300 203.19  25.62
D 4305 201.80  23.60
D 4310 200.94  21.11
D 4315 199.03  21.10
D 4320 196.73  19.77
D 4325 196.26  19.65
D 4330 196.25  19.64
D 4335 197.93  18.59
D 4340 193.58  18.73
D 4345 197.74  19.89
D 4350 197.85  20.76
D 4355 197.79  20.79
D 4360 197.89  20.00
D 4365 197.54  16.56
D 4370 196.81  17.40
D 4375 194.88  18.71
D 4380 194.07  19.84
D 4385 193.52  20.31
D 4390 193.20  19.93
D 4395 195.96  20.50
D 4400 197.72  21.45
D 4405 199.50  20.02
D 4410 199.52  18.83
D 4415 200.89  19.23
D 4420 200.43  19.98
D 4425 199.48  20.40
D 4430 199.48  22.07
D 4435 200.56  22.04
D 4440 200.30  22.00
D 4445 199.32  23.88
D 4450 199.50  24.36
D 4455 199.80  25.71
D 4460 197.80  25.99
D 4465 197.81  24.66
D 4470 197.81  24.32
D 4475 200.45  23.41
D 4480 200.10  22.63
D 4485 202.60  21.75
D 4490 204.96  24.67
D 4495 204.48  25.14
D 4500 204.53  24.62
D 4505 204.42  24.41
D 4510 204.15  24.71
D 4515 203.66  27.18
D 4520 202.93  27.46
D 4525 202.24  25.68
D 4530 202.74  26.67
D 4535 204.22  27.47
D 4540 204.36  26.09
D 4545 204.49  25.89
D 4550 204.83  26.07
D 4555 204.83  27.50
D 4560 205.26  28.02
D 4565 205.00  22.63
D 4570 204.25  20.85
D 4575 203.10  19.33
D 4580 202.94  18.65
D 4585 203.05  17.86
D 4590 203.46  17.20
D 4595 203.46  17.12
D 4600 204.75  14.89
D 4605 204.75  13.33
D 4610 205.48  12.58
D 4615 205.95  15.75
D 4620 205.95  16.40
D 4625 207.06  15.25
D 4630 207.81  14.05
D 4635 207.93  13.82
D 4640 207.64  14.59
D 4645 207.39  15.30
D 4650 206.63  14.39
D 4655 205.90  13.63
D 4660 205.08  13.67
D 4665 205.08  15.24
D 4670 205.14  18.14
D 4675 202.83  19.03
D 4680 201.96  18.94
D 4685 200.28  19.83
D 4690 199.69  20.41
D 4695 199.43  20.41
D 4700 199.43  18.92
D 4705 200.02  22.09
D 4710 199.39  22.65
D 4715 197.90  22.59
D 4720 197.91  21.26
D 4725 197.91  21.26
D 4730 197.16  20.63
D 4735 197.15  21.21
D 4740 197.15  21.28
D 4745 197.40  20.04
D 4750 198.27  19.37
D 4755 198.38  21.41
D 4760 198.36  21.50
D 4765 198.44  22.64
D 4770 197.20  23.16
D 4775 197.20  23.41
D 4780 197.36  24.01
D 4785 197.36  24.09
D 4790 197.30  22.94
D 4795 198.11  21.85
D 4800 198.12  20.96
D 4805 198.83  21.78
D 4810 198.83  20.96
D 4815 198.83  21.78
D 4820 198.06  20.92
D 4825 197.23  20.05
D 4830 198.97  21.01
D 4835 199.90  20.64
D 4840 201.02  18.85
D 4845 202.21  18.43
D 4850 202.24  17.28
D 4855 203.18  16.49
D 4860 203.13  15.53
D 4865 202.63  16.06
D 4870 202.63  15.71
D 4875 202.63  14.85
D 4880 202.27  14.78
D 4885 202.27  15.03
D 4890 202.26  14.40
D 4895 202.26  13.25
D 4900 201.69  13.25
D 4905 201.32  11.98
D 4910 201.32  11.20
D 4915 200.89  10.58
D 4920 201.15  11.24
D 4925 201.14  10.75
D 4930 201.14  10.75
D 4935 201.15  10.78
D 4940 201.22  10.75
D 4945 202.78  11.49
D 4950 202.81  11.49
D 4955 204.13  11.79
D 4960 204.13  13.83
D 4965 202.55  13.83
D 4970 202.52  14.44
D 4975 203.18  15.07
D 4980 203.87  16.57
D 4985 202.08  18.04
D 4990 199.40  18.85
E 4995 195.54  20.02
S 25/08/29 10:09:23
D    0 198.36  18.42
E    3 198.36  18.42
