S 25/08/29 08:31:09
D    0 191.89  24.63
D    5 192.64  24.31
D   10 192.31  25.62
D   15 194.07  26.44
D   20 195.40  26.85
D   25 196.18  26.16
D   30 195.70  25.79
D   35 193.83  25.77
D   40 193.81  26.03
D   45 194.95  26.24
D   50 194.27  23.00
D   55 193.58  20.96
D   60 192.65  19.59
D   65 193.76  20.28
D   70 194.38  21.60
D   75 196.62  22.14
D   80 199.14  22.44
D   85 200.63  20.98
D   90 198.78  19.90
D   95 198.65  19.86
D  100 199.05  20.53
D  105 198.40  21.04
D  110 197.91  21.60
D  115 197.61  22.06
D  120 196.52  21.97
D  125 195.36  21.15
D  130 194.21  21.17
D  135 193.03  21.25
D  140 192.75  20.87
D  145 192.95  20.65
D  150 194.28  19.58
D  155 194.83  19.40
D  160 196.08  20.34
D  165 195.82  21.58
D  170 195.89  21.62
D  175 195.96  21.66
D  180 194.83  22.26
D  185 194.25  25.31
D  190 193.15  27.75
D  195 191.27  27.30
D  200 194.49  27.53
D  205 194.42  27.90
D  210 193.80  27.69
D  215 192.50  30.21
D  220 191.89  26.67
D  225 191.93  22.71
D  230 192.56  17.06
D  235 193.33  15.88
D  240 193.66  17.28
D  245 190.68  18.87
D  250 191.18  22.26
D  255 189.33  25.62
D  260 189.10  25.45
D  265 188.96  25.32
D  270 189.26  25.55
D  275 195.76  29.13
D  280 192.87  30.21
D  285 192.68  27.80
D  290 192.68  25.65
D  295 192.84  23.36
D  300 191.13  20.76
D  305 190.26  18.96
D  310 189.23  20.36
D  315 189.28  22.81
D  320 189.84  25.27
D  325 189.48  24.15
D  330 192.20  26.55
D  335 192.33  26.62
D  340 193.36  29.22
D  345 193.91  30.82
D  350 194.30  27.45
D  355 194.35  26.32
D  360 194.36  24.64
D  365 195.14  22.68
D  370 196.25  22.26
D  375 196.11  24.01
D  380 196.16  25.23
D  385 197.00  24.71
D  390 197.27  23.07
D  395 196.15  23.15
D  400 195.07  23.25
D  405 194.17  25.05
D  410 194.77  27.27
D  415 193.48  26.91
D  420 192.28  26.36
D  425 192.51  24.11
D  430 192.51  21.36
D  435 193.11  20.67
D  440 192.80  19.44
D  445 192.80  21.72
D  450 191.58  21.34
D  455 191.37  22.57
D  460 190.88  21.68
D  465 190.07  23.61
D  470 190.22  24.29
D  475 189.56  22.79
D  480 190.80  20.99
D  485 191.20  19.75
D  490 193.26  20.65
D  495 195.96  19.20
D  500 195.67  19.40
D  505 197.22  20.00
D  510 197.82  20.10
D  515 198.23  19.08
D  520 197.91  18.47
D  525 199.36  17.82
D  530 200.03  18.48
D  535 199.31  19.26
D  540 198.13  19.32
D  545 198.71  18.58
D  550 198.86  18.36
D  555 200.21  20.17
D  560 202.16  22.62
D  565 202.90  21.75
D  570 203.10  20.52
D  575 201.98  21.38
D  580 201.42  21.30
D  585 199.72  21.37
D  590 200.27  21.75
D  595 199.44  20.27
D  600 199.71  18.96
D  605 199.67  20.23
D  610 200.37  20.90
D  615 202.87  22.61
D  620 202.68  23.18
D  625 203.51  24.11
D  630 200.85  26.66
D  635 199.48  27.33
D  640 198.98  29.20
D  645 197.81  28.01
D  650 197.07  28.76
D  655 195.39  27.80
D  660 195.47  25.93
D  665 194.80  24.38
D  670 193.07  25.15
D  675 193.87  27.03
D  680 194.58  27.14
D  685 192.80  26.58
D  690 193.30  27.33
D  695 191.92  25.36
D  700 191.95  23.27
D  705 195.06  21.95
D  710 196.61  20.23
D  715 198.73  19.28
D  720 198.58  18.85
D  725 199.37  16.84
D  730 199.18  16.87
D  735 199.08  18.50
D  740 199.18  17.53
D  745 199.43  18.00
D  750 199.73  18.37
D  755 199.84  20.33
D  760 198.90  19.37
D  765 197.71  19.50
D  770 196.33  22.29
D  775 196.23  21.25
D  780 197.45  23.61
D  785 200.26  25.67
D  790 200.55  27.21
D  795 202.74  29.47
D  800 201.71  29.32
D  805 201.78  29.19
D  810 200.57  25.93
D  815 200.04  25.81
D  820 200.29  23.63
D  825 200.34  24.04
D  830 200.63  23.90
D  835 199.40  27.06
D  840 195.75  28.93
D  845 195.36  29.47
D  850 193.97  30.13
D  855 195.63  29.60
D  860 194.16  27.66
D  865 194.18  24.90
D  870 194.21  23.15
D  875 193.39  21.98
D  880 192.00  25.18
D  885 188.00  24.36
D  890 186.01  24.10
D  895 186.37  21.13
D  900 186.39  21.24
D  905 186.29  24.13
D  910 190.36  24.43
D  915 190.01  24.96
D  920 189.67  25.58
D  925 189.37  25.86
D  930 191.31  26.86
D  935 193.50  25.89
D  940 198.59  29.73
D  945 201.99  32.20
D  950 201.55  31.79
D  955 201.16  31.83
D  960 197.59  32.26
D  965 199.26  32.61
D  970 199.65  30.73
D  975 199.53  26.75
D  980 201.21  24.35
D  985 202.70  23.22
D  990 203.16  23.22
D  995 202.66  22.52
D 1000 203.06  21.48
D 1005 203.06  19.27
D 1010 202.74  18.94
D 1015 205.78  17.98
D 1020 205.78  17.35
D 1025 206.51  16.94
D 1030 206.51  16.59
D 1035 206.60  16.45
D 1040 206.25  16.37
D 1045 206.23  16.10
D 1050 206.15  15.29
D 1055 205.39  15.97
D 1060 204.83  17.28
D 1065 204.67  17.30
D 1070 204.31  16.86
D 1075 203.14  16.17
D 1080 202.70  15.38
D 1085 202.70  15.33
D 1090 202.74  13.66
D 1095 203.59  14.25
D 1100 205.20  14.55
D 1105 205.73  14.38
D 1110 206.21  16.38
D 1115 206.77  18.84
D 1120 204.02  19.06
D 1125 202.17  19.59
D 1130 202.01  19.68
D 1135 201.80  20.36
D 1140 202.76  20.01
D 1145 203.50  21.86
D 1150 201.66  21.87
D 1155 201.46  21.77
D 1160 201.67  23.05
D 1165 198.30  23.71
D 1170 194.97  24.69
D 1175 194.29  24.77
D 1180 195.28  22.73
D 1185 192.88  21.68
D 1190 192.95  21.68
D 1195 196.85  21.62
D 1200 198.14  21.61
D 1205 200.27  20.49
D 1210 200.81  20.33
D 1215 203.09  22.60
D 1220 201.36  23.01
D 1225 200.76  23.57
D 1230 200.76  22.52
D 1235 200.16  22.95
D 1240 200.18  23.60
D 1245 199.52  25.98
D 1250 197.44  27.70
D 1255 195.50  29.20
D 1260 193.35  27.77
D 1265 193.34  25.68
D 1270 193.34  23.06
D 1275 193.35  22.52
D 1280 193.35  22.00
D 1285 192.35  22.01
D 1290 192.35  22.13
D 1295 192.35  21.61
D 1300 193.50  21.95
D 1305 195.32  23.49
D 1310 197.33  24.76
D 1315 197.06  25.61
D 1320 196.40  25.50
D 1325 195.50  26.21
D 1330 195.49  26.44
D 1335 195.49  26.88
D 1340 195.28  25.35
D 1345 194.57  24.63
D 1350 195.37  23.54
D 1355 195.73  21.86
D 1360 196.71  21.43
D 1365 196.71  21.65
D 1370 195.95  20.77
D 1375 195.94  22.55
D 1380 196.42  23.76
D 1385 196.41  23.48
D 1390 197.28  23.10
D 1395 198.28  22.14
D 1400 198.28  21.53
D 1405 197.12  21.68
D 1410 196.33  23.03
D 1415 197.23  23.31
D 1420 197.78  23.14
D 1425 198.04  22.11
D 1430 198.60  19.93
D 1435 198.13  20.24
D 1440 198.90  21.22
D 1445 199.75  21.28
D 1450 200.79  22.41
D 1455 202.75  22.76
D 1460 202.98  23.19
D 1465 202.07  24.44
D 1470 202.33  25.18
D 1475 201.65  24.42
D 1480 200.60  23.33
D 1485 200.38  23.85
D 1490 200.38  23.58
D 1495 199.97  22.48
D 1500 200.72  22.68
D 1505 199.53  24.67
D 1510 196.73  26.27
D 1515 195.25  26.90
D 1520 194.68  25.88
D 1525 195.11  24.31
D 1530 196.21  24.27
D 1535 197.25  23.93
D 1540 197.74  22.06
D 1545 197.89  22.07
D 1550 197.88  22.43
D 1555 197.96  22.90
D 1560 197.93  22.07
D 1565 196.30  22.69
D 1570 196.30  22.53
D 1575 195.66  22.35
D 1580 195.67  21.04
D 1585 194.75  21.05
D 1590 193.89  22.34
D 1595 191.25  24.70
D 1600 191.54  24.28
D 1605 191.64  26.11
D 1610 192.41  26.41
D 1615 193.15  25.23
D 1620 194.48  25.63
D 1625 194.48  24.63
D 1630 195.35  23.98
D 1635 196.87  24.25
D 1640 196.87  23.88
D 1645 198.26  22.94
D 1650 199.13  21.75
D 1655 199.31  20.29
D 1660 198.81  19.71
D 1665 198.81  18.53
D 1670 198.12  19.58
D 1675 196.34  18.81
D 1680 194.76  19.19
D 1685 194.76  26.07
D 1690 194.21  26.77
D 1695 193.59  26.72
D 1700 193.01  25.35
D 1705 191.90  25.36
D 1710 191.53  24.93
D 1715 191.51  24.99
D 1720 190.91  25.26
D 1725 188.86  24.86
D 1730 189.23  25.83
D 1735 189.72  25.24
D 1740 191.18  23.73
D 1745 191.50  23.28
D 1750 192.00  23.08
D 1755 192.43  22.63
D 1760 192.77  20.85
D 1765 193.00  23.57
D 1770 193.25  25.41
D 1775 192.81  26.34
D 1780 192.63  26.40
D 1785 192.00  23.85
D 1790 191.87  21.11
D 1795 193.33  22.73
D 1800 193.89  21.59
D 1805 194.09  21.90
D 1810 193.09  24.21
D 1815 192.94  24.66
D 1820 193.51  27.62
D 1825 193.40  28.47
D 1830 197.67  27.74
D 1835 198.31  28.10
D 1840 198.40  27.29
D 1845 196.78  24.93
D 1850 196.63  23.29
D 1855 195.30  22.08
D 1860 194.89  22.26
D 1865 195.45  21.30
D 1870 195.41  21.93
D 1875 196.09  21.57
D 1880 196.04  21.08
D 1885 195.45  22.64
D 1890 196.37  24.75
D 1895 195.98  24.86
D 1900 195.23  24.60
D 1905 194.90  24.19
D 1910 196.01  22.98
D 1915 196.32  22.15
D 1920 196.76  21.80
D 1925 198.42  21.14
D 1930 198.86  21.86
D 1935 199.15  22.05
D 1940 199.15  21.70
D 1945 198.54  22.31
D 1950 197.94  22.23
D 1955 198.94  20.97
D 1960 199.15  20.73
D 1965 199.28  20.99
D 1970 199.85  20.50
D 1975 199.92  20.38
D 1980 201.91  22.35
D 1985 201.59  22.03
D 1990 202.17  20.89
D 1995 202.89  23.32
D 2000 202.44  26.00
D 2005 201.45  25.68
D 2010 200.21  23.96
D 2015 198.26  23.03
D 2020 196.81  22.31
D 2025 196.70  19.86
D 2030 197.46  19.13
D 2035 198.75  17.93
D 2040 199.91  17.69
D 2045 200.52  17.60
D 2050 201.98  16.65
D 2055 203.54  15.44
D 2060 203.55  15.68
D 2065 204.79  16.57
D 2070 206.09  16.32
D 2075 206.10  16.34
D 2080 206.90  17.80
D 2085 207.63  18.88
D 2090 206.97  19.01
D 2095 207.78  18.09
D 2100 207.56  16.30
D 2105 207.55  17.05
D 2110 207.73  16.55
D 2115 207.53  17.09
D 2120 207.75  18.28
D 2125 208.06  19.60
D 2130 207.88  20.09
D 2135 208.81  21.71
D 2140 208.69  22.92
D 2145 206.31  25.09
D 2150 202.56  27.52
D 2155 200.48  30.37
D 2160 198.12  30.88
D 2165 195.98  30.88
D 2170 195.38  29.22
D 2175 195.40  27.76
D 2180 196.24  26.94
D 2185 196.27  24.57
D 2190 197.96  22.91
D 2195 199.37  21.94
D 2200 200.10  21.34
D 2205 201.68  19.98
D 2210 202.95  19.07
D 2215 204.32  17.93
D 2220 205.64  17.41
D 2225 205.92  16.97
D 2230 206.80  16.53
D 2235 208.38  15.23
D 2240 208.39  15.09
D 2245 208.12  15.41
D 2250 208.25  15.03
D 2255 207.82  14.52
D 2260 207.30  14.75
D 2265 206.16  15.21
D 2270 206.25  16.62
D 2275 204.06  16.40
D 2280 205.07  15.69
D 2285 204.86  15.38
D 2290 204.43  16.02
D 2295 203.96  18.45
D 2300 204.18  18.25
D 2305 203.52  21.49
D 2310 202.75  24.33
D 2315 202.00  24.26
D 2320 202.81  22.89
D 2325 202.84  22.40
D 2330 205.24  21.16
D 2335 205.51  19.18
D 2340 202.65  19.13
D 2345 201.69  18.97
D 2350 202.30  19.07
D 2355 202.23  21.90
D 2360 202.23  21.79
D 2365 201.49  21.03
D 2370 201.55  21.48
D 2375 202.55  19.15
D 2380 202.11  19.90
D 2385 202.10  20.83
D 2390 203.02  23.19
D 2395 204.70  23.95
D 2400 206.03  22.65
D 2405 206.47  22.50
D 2410 206.84  23.74
D 2415 205.71  25.04
D 2420 204.47  26.39
D 2425 204.12  25.48
D 2430 205.65  25.18
D 2435 206.82  23.56
D 2440 207.89  23.60
D 2445 209.40  23.33
D 2450 209.40  25.35
D 2455 208.78  27.49
D 2460 207.74  28.98
D 2465 208.38  30.47
D 2470 207.01  31.90
D 2475 205.01  31.69
D 2480 202.87  32.55
D 2485 203.08  31.61
D 2490 203.66  30.58
D 2495 204.36  29.09
D 2500 204.36  28.18
D 2505 204.26  27.31
D 2510 204.27  26.51
D 2515 204.26  26.04
D 2520 206.13  25.47
D 2525 207.80  24.48
D 2530 207.91  24.57
D 2535 207.21  25.17
D 2540 206.92  24.78
D 2545 207.55  23.24
D 2550 209.50  23.21
D 2555 210.33  22.87
D 2560 210.41  23.28
D 2565 210.43  22.45
D 2570 211.31  21.93
D 2575 211.32  21.63
D 2580 211.75  20.86
D 2585 211.91  19.93
D 2590 210.87  20.57
D 2595 212.59  21.31
D 2600 213.59  21.45
D 2605 214.33  21.70
D 2610 214.42  22.63
D 2615 214.76  24.50
D 2620 213.05  25.03
D 2625 211.79  23.46
D 2630 210.64  22.29
D 2635 207.18  23.07
D 2640 207.67  25.22
D 2645 207.79  27.10
D 2650 207.60  26.00
D 2655 208.20  25.93
D 2660 208.57  25.40
D 2665 208.69  25.38
D 2670 208.21  25.65
D 2675 208.15  25.15
D 2680 205.97  26.10
D 2685 206.55  25.93
D 2690 207.09  26.59
D 2695 207.55  26.52
D 2700 206.88  25.74
D 2705 205.66  23.55
D 2710 203.89  22.31
D 2715 203.36  21.55
D 2720 202.62  21.11
D 2725 202.62  20.88
D 2730 203.49  21.10
D 2735 204.61  21.25
D 2740 204.66  21.34
D 2745 204.66  21.33
D 2750 205.07  22.68
D 2755 206.02  23.68
D 2760 205.60  24.55
D 2765 205.05  23.31
D 2770 203.79  22.63
D 2775 203.38  23.01
D 2780 202.88  22.40
D 2785 204.79  21.79
D 2790 205.60  21.98
D 2795 204.96  24.28
D 2800 204.84  23.85
D 2805 204.54  23.39
D 2810 206.15  23.36
D 2815 206.75  25.74
D 2820 206.65  26.09
D 2825 204.61  24.85
D 2830 203.11  23.14
D 2835 202.78  22.46
D 2840 202.96  22.73
D 2845 204.67  22.60
D 2850 204.05  23.68
D 2855 202.66  25.75
D 2860 202.43  25.68
D 2865 202.34  26.29
D 2870 202.97  29.50
D 2875 205.09  32.87
D 2880 205.09  33.68
D 2885 203.77  32.98
D 2890 203.29  30.85
D 2895 202.28  28.27
D 2900 202.60  26.16
D 2905 204.29  24.75
D 2910 205.74  23.38
D 2915 207.41  21.62
D 2920 208.78  21.07
D 2925 207.76  23.49
D 2930 205.06  24.60
D 2935 202.01  26.92
D 2940 200.50  27.27
D 2945 199.83  27.31
D 2950 199.57  27.04
D 2955 201.25  26.08
D 2960 203.51  26.76
D 2965 205.00  26.31
D 2970 204.58  25.48
D 2975 203.45  24.58
D 2980 202.72  25.21
D 2985 202.47  24.60
D 2990 203.72  24.13
D 2995 203.73  23.56
D 3000 204.91  24.26
D 3005 204.87  25.74
D 3010 205.11  28.19
D 3015 204.63  28.54
D 3020 204.10  27.59
D 3025 203.66  26.55
D 3030 202.27  26.42
D 3035 201.42  29.14
D 3040 200.02  28.12
D 3045 200.69  28.07
D 3050 202.27  27.52
D 3055 204.07  28.08
D 3060 204.65  26.60
D 3065 205.46  26.10
D 3070 205.87  25.91
D 3075 208.29  25.31
D 3080 209.33  25.69
D 3085 208.97  27.34
D 3090 209.30  29.33
D 3095 211.75  31.03
D 3100 212.89  34.36
D 3105 213.84  34.41
D 3110 215.90  31.45
D 3115 216.75  28.98
D 3120 216.83  27.15
D 3125 216.22  25.60
D 3130 214.84  24.64
D 3135 212.75  23.39
D 3140 211.28  21.80
D 3145 207.82  22.75
D 3150 206.05  23.63
D 3155 204.52  23.65
D 3160 203.14  24.13
D 3165 203.11  25.09
D 3170 202.87  24.56
D 3175 202.88  24.16
D 3180 203.72  24.10
D 3185 203.92  22.81
D 3190 202.71  23.67
D 3195 201.37  24.80
D 3200 202.29  25.78
D 3205 203.60  24.91
D 3210 206.05  24.40
D 3215 207.21  23.36
D 3220 209.16  23.92
D 3225 209.51  23.20
D 3230 210.72  20.85
D 3235 210.01  21.03
D 3240 208.46  21.17
D 3245 208.15  19.86
D 3250 207.43  19.50
D 3255 207.29  19.07
D 3260 207.05  19.18
D 3265 207.05  18.82
D 3270 207.14  18.47
D 3275 207.15  19.95
D 3280 208.29  22.65
D 3285 208.61  23.67
D 3290 208.84  23.05
D 3295 207.65  23.65
D 3300 206.49  24.93
D 3305 206.98  24.03
D 3310 207.77  22.41
D 3315 208.12  19.68
D 3320 209.24  18.52
D 3325 210.20  17.77
D 3330 211.30  17.34
D 3335 212.55  17.69
D 3340 211.89  19.05
D 3345 211.45  20.96
D 3350 211.45  20.97
D 3355 208.72  21.49
D 3360 207.43  20.51
D 3365 206.26  22.68
D 3370 205.38  21.85
D 3375 205.18  20.40
D 3380 204.65  20.40
D 3385 203.33  19.34
D 3390 202.05  18.82
D 3395 202.09  20.99
D 3400 204.06  21.23
D 3405 202.48  21.69
D 3410 200.06  20.99
D 3415 198.84  21.85
D 3420 199.06  21.86
D 3425 199.31  20.87
D 3430 200.13  20.27
D 3435 201.78  20.37
D 3440 203.13  18.90
D 3445 204.25  18.18
D 3450 204.31  17.80
D 3455 204.41  19.23
D 3460 204.86  19.48
D 3465 204.36  20.07
D 3470 202.23  19.47
D 3475 199.36  19.83
D 3480 198.64  24.78
D 3485 197.97  25.27
D 3490 197.54  25.23
D 3495 201.31  24.50
D 3500 202.41  23.18
D 3505 202.95  22.08
D 3510 205.86  21.16
D 3515 204.69  21.80
D 3520 204.71  23.31
D 3525 206.78  23.55
D 3530 208.75  25.70
D 3535 209.10  24.15
D 3540 208.81  22.75
D 3545 208.11  25.67
D 3550 208.11  29.78
D 3555 207.22  30.76
D 3560 204.58  32.69
D 3565 202.98  29.34
D 3570 201.79  32.42
D 3575 199.95  35.19
D 3580 202.60  37.82
D 3585 202.35  35.90
D 3590 200.83  33.47
D 3595 201.00  34.84
D 3600 200.75  36.27
D 3605 202.57  36.14
D 3610 201.81  37.18
D 3615 203.36  38.44
D 3620 202.09  37.18
D 3625 199.93  32.86
D 3630 199.69  31.73
D 3635 199.76  29.55
D 3640 199.85  32.01
D 3645 199.37  34.28
D 3650 198.94  37.75
D 3655 199.48  36.54
D 3660 200.13  33.18
D 3665 204.19  33.07
D 3670 206.32  33.28
D 3675 205.87  32.14
D 3680 205.28  29.67
D 3685 205.54  29.78
D 3690 202.93  30.75
D 3695 200.18  30.88
D 3700 199.05  31.36
D 3705 199.83  31.04
D 3710 201.80  32.71
D 3715 204.87  33.04
D 3720 204.15  31.60
D 3725 204.75  30.15
D 3730 203.56  28.14
D 3735 202.97  26.09
D 3740 202.91  24.05
D 3745 203.22  22.93
D 3750 202.41  22.00
D 3755 200.85  19.98
D 3760 199.29  22.10
D 3765 198.64  22.00
D 3770 197.40  20.47
D 3775 197.04  19.98
D 3780 199.01  21.07
D 3785 200.21  22.40
D 3790 201.94  22.18
D 3795 204.17  20.90
D 3800 205.92  20.06
D 3805 206.45  18.54
D 3810 207.58  17.41
D 3815 207.53  18.43
D 3820 207.64  19.15
D 3825 207.64  18.96
D 3830 207.88  16.75
D 3835 207.63  15.66
D 3840 207.01  14.99
D 3845 207.49  14.94
D 3850 207.15  16.63
D 3855 205.01  14.82
D 3860 205.38  15.45
D 3865 204.91  14.13
D 3870 204.39  14.21
D 3875 203.37  15.23
D 3880 201.61  14.97
D 3885 201.17  17.04
D 3890 200.56  16.04
D 3895 201.28  15.16
D 3900 202.68  15.09
D 3905 204.24  15.24
D 3910 205.37  16.94
D 3915 207.20  17.88
D 3920 207.93  18.21
D 3925 208.56  20.76
D 3930 208.18  21.26
D 3935 206.66  21.37
D 3940 205.73  21.16
D 3945 205.44  21.37
D 3950 206.88  21.17
D 3955 207.05  23.02
D 3960 207.34  22.44
D 3965 208.39  20.29
D 3970 208.39  19.56
D 3975 206.83  18.99
D 3980 203.57  21.70
D 3985 201.28  22.82
D 3990 198.38  24.45
D 3995 197.61  25.73
D 4000 196.27  28.38
D 4005 196.72  27.06
D 4010 198.61  27.63
D 4015 199.16  24.36
D 4020 200.21  21.58
D 4025 199.33  22.60
D 4030 201.02  22.30
D 4035 202.09  19.77
D 4040 202.33  18.49
D 4045 199.56  17.73
D 4050 198.22  17.55
D 4055 197.55  17.85
D 4060 196.85  18.01
D 4065 198.19  19.02
D 4070 201.32  19.02
D 4075 202.88  19.08
D 4080 203.55  20.11
D 4085 204.55  20.58
D 4090 205.17  21.40
D 4095 206.10  22.15
D 4100 207.01  23.91
D 4105 209.87  25.92
D 4110 211.50  25.24
D 4115 211.55  23.07
D 4120 210.13  21.47
D 4125 210.13  19.79
D 4130 208.23  18.13
D 4135 207.42  17.73
D 4140 205.90  17.38
D 4145 204.89  16.47
D 4150 204.48  15.80
D 4155 204.20  15.44
D 4160 205.60  15.32
D 4165 207.43  16.85
D 4170 208.75  15.58
D 4175 208.50  15.04
D 4180 208.47  14.65
D 4185 207.32  13.57
D 4190 207.16  13.33
D 4195 206.99  14.52
D 4200 208.09  14.79
D 4205 207.66  13.35
D 4210 207.53  13.25
D 4215 207.63  13.28
D 4220 206.80  14.46
D 4225 206.05  17.02
D 4230 203.53  19.61
D 4235 203.28  19.73
D 4240 202.26  19.84
D 4245 201.26  20.07
D 4250 200.36  21.50
D 4255 198.85  24.28
D 4260 199.21  23.84
D 4265 198.54  23.26
D 4270 199.03  23.56
D 4275 202.31  23.91
D 4280 202.58  23.59
D 4285 202.15  22.20
D 4290 203.01  22.97
D 4295 203.44  23.91
D 4300 203.19  25.62
D 4305 201.80  23.60
D 4310 200.94  21.11
D 4315 199.03  21.10
D 4320 196.73  19.77
D 4325 196.26  19.65
D 4330 196.25  19.64
D 4335 197.93  18.59
D 4340 193.58  18.73
D 4345 197.74  19.89
D 4350 197.85  20.76
D 4355 197.79  20.79
D 4360 197.89  20.00
D 4365 197.54  16.56
D 4370 196.81  17.40
D 4375 194.88  18.71
D 4380 194.07  19.84
D 4385 193.52  20.31
D 4390 193.20  19.93
D 4395 195.96  20.50
D 4400 197.72  21.45
D 4405 199.50  20.02
D 4410 199.52  18.83
D 4415 200.89  19.23
D 4420 200.43  19.98
D 4425 199.48  20.40
D 4430 199.48  22.07
D 4435 200.56  22.04
D 4440 200.30  22.00
D 4445 199.32  23.88
D 4450 199.50  24.36
D 4455 199.80  25.71
D 4460 197.80  25.99
D 4465 197.81  24.66
D 4470 197.81  24.32
D 4475 200.45  23.41
D 4480 200.10  22.63
D 4485 202.60  21.75
D 4490 204.96  24.67
D 4495 204.48  25.14
D 4500 204.53  24.62
D 4505 204.42  24.41
D 4510 204.15  24.71
D 4515 203.66  27.18
D 4520 202.93  27.46
D 4525 202.24  25.68
D 4530 202.74  26.67
D 4535 204.22  27.47
D 4540 204.36  26.09
D 4545 204.49  25.89
D 4550 204.83  26.07
D 4555 204.83  27.50
D 4560 205.26  28.02
D 4565 205.00  22.63
D 4570 204.25  20.85
D 4575 203.10  19.33
D 4580 202.94  18.65
D 4585 203.05  17.86
D 4590 203.46  17.20
D 4595 203.46  17.12
D 4600 204.75  14.89
D 4605 204.75  13.33
D 4610 205.48  12.58
D 4615 205.95  15.75
D 4620 205.95  16.40
D 4625 207.06  15.25
D 4630 207.81  14.05
D 4635 207.93  13.82
D 4640 207.64  14.59
D 4645 207.39  15.30
D 4650 206.63  14.39
D 4655 205.90  13.63
D 4660 205.08  13.67
D 4665 205.08  15.24
D 4670 205.14  18.14
D 4675 202.83  19.03
D 4680 201.96  18.94
D 4685 200.28  19.83
D 4690 199.69  20.41
D 4695 199.43  20.41
D 4700 199.43  18.92
D 4705 200.02  22.09
D 4710 199.39  22.65
D 4715 197.90  22.59
D 4720 197.91  21.26
D 4725 197.91  21.26
D 4730 197.16  20.63
D 4735 197.15  21.21
D 4740 197.15  21.28
D 4745 197.40  20.04
D 4750 198.27  19.37
D 4755 198.38  21.41
D 4760 198.36  21.50
D 4765 198.44  22.64
D 4770 197.20  23.16
D 4775 197.20  23.41
D 4780 197.36  24.01
D 4785 197.36  24.09
D 4790 197.30  22.94
D 4795 198.11  21.85
D 4800 198.12  20.96
D 4805 198.83  21.78
D 4810 198.83  20.96
D 4815 198.83  21.78
D 4820 198.06  20.92
D 4825 197.23  20.05
D 4830 198.97  21.01
D 4835 199.90  20.64
D 4840 201.02  18.85
D 4845 202.21  18.43
D 4850 202.24  17.28
D 4855 203.18  16.49
D 4860 203.13  15.53
D 4865 202.63  16.06
D 4870 202.63  15.71
D 4875 202.63  14.85
D 4880 202.27  14.78
D 4885 202.27  15.03
D 4890 202.26  14.40
D 4895 202.26  13.25
D 4900 201.69  13.25
D 4905 201.32  11.98
D 4910 201.32  11.20
D 4915 200.89  10.58
D 4920 201.15  11.24
D 4925 201.14  10.75
D 4930 201.14  10.75
D 4935 201.15  10.78
D 4940 201.22  10.75
D 4945 202.78  11.49
D 4950 202.81  11.49
D 4955 204.13  11.79
D 4960 204.13  13.83
D 4965 202.55  13.83
D 4970 202.52  14.44
D 4975 203.18  15.07
D 4980 203.87  16.57
D 4985 202.08  18.04
D 4990 199.40  18.85
E 4995 195.54  20.02
S 25/08/29 10:09:23
D    0 198.36  18.42
E    3 198.36  18.42
