S 25/09/03 08:48:09
D    0  47.78  39.34
D    5  51.61  39.64
D   10  53.33  38.83
D   15  53.20  38.67
D   20  56.96  39.53
D   25  59.46  42.48
D   30  57.05  44.16
D   35  53.01  46.40
D   40  51.84  47.17
D   45  55.31  49.68
D   50  58.53  49.30
D   55  59.71  48.77
D   60  63.43  49.09
D   65  59.31  50.15
D   70  56.68  50.12
D   75  55.39  50.43
D   80  53.50  49.77
D   85  55.55  46.26
D   90  55.55  44.50
D   95  59.41  46.30
D  100  61.85  51.05
D  105  61.88  49.35
D  110  63.20  43.97
D  115  61.71  41.88
D  120  58.10  41.14
D  125  54.65  43.22
D  130  54.10  44.52
D  135  51.30  43.43
D  140  49.74  43.23
D  145  50.12  43.13
D  150  49.65  44.03
D  155  54.62  40.96
D  160  55.10  39.62
D  165  54.13  41.33
D  170  54.24  43.18
D  175  52.82  44.15
D  180  51.77  40.35
D  185  49.65  39.63
D  190  53.13  38.32
D  195  55.51  40.83
D  200  60.02  41.33
D  205  60.69  40.75
D  210  57.88  42.55
D  215  56.98  41.43
D  220  59.45  45.38
D  225  57.54  47.51
D  230  59.96  46.48
D  235  61.04  42.90
D  240  61.05  40.98
D  245  59.18  39.12
D  250  60.20  39.06
D  255  57.49  37.94
D  260  56.90  37.77
D  265  60.70  41.67
D  270  64.38  43.03
D  275  60.44  44.15
D  280  56.88  47.47
D  285  53.05  45.19
D  290  53.15  44.52
D  295  50.07  43.54
D  300  54.00  41.42
D  305  56.51  43.93
D  310  60.33  47.14
D  315  58.20  45.69
D  320  54.34  47.24
D  325  52.74  45.84
D  330  52.90  44.35
D  335  54.54  42.07
D  340  53.91  40.98
D  345  53.37  40.38
D  350  60.13  40.73
D  355  61.45  40.01
D  360  58.86  41.30
D  365  56.56  39.65
D  370  54.70  39.35
D  375  51.72  42.63
D  380  53.18  42.11
D  385  52.21  44.25
D  390  48.80  43.58
D  395  51.81  43.45
D  400  54.94  46.40
D  405  54.10  47.48
D  410  48.15  46.82
D  415  50.17  46.23
D  420  54.76  45.83
D  425  55.65  46.45
D  430  58.43  47.22
D  435  60.52  45.29
D  440  60.31  43.01
D  445  60.63  41.52
D  450  59.39  42.60
D  455  55.20  42.09
D  460  51.80  45.51
D  465  50.79  44.35
D  470  50.74  46.48
D  475  50.63  46.98
D  480  57.76  49.73
D  485  62.88  51.37
D  490  63.55  51.95
D  495  58.77  50.10
D  500  58.09  49.57
D  505  60.25  45.14
D  510  60.35  42.20
D  515  62.13  41.11
D  520  61.51  43.91
D  525  58.71  46.88
D  530  52.08  49.05
D  535  46.84  51.25
D  540  46.95  50.37
D  545  52.67  46.59
D  550  56.73  46.70
D  555  58.31  46.42
D  560  58.81  46.58
D  565  56.88  48.58
D  570  56.75  48.87
D  575  60.19  47.70
D  580  60.62  46.07
D  585  60.71  44.33
D  590  58.95  42.00
D  595  56.46  41.78
D  600  52.75  44.80
D  605  49.06  44.54
D  610  52.78  45.86
D  615  56.88  45.39
D  620  59.10  43.78
D  625  61.12  45.67
D  630  60.73  47.68
D  635  64.55  49.89
D  640  64.47  52.06
D  645  61.01  52.25
D  650  58.56  52.50
D  655  63.48  54.23
D  660  58.86  53.57
D  665  54.37  50.43
D  670  53.49  51.19
D  675  60.54  49.90
D  680  62.06  49.40
D  685  62.83  47.82
D  690  60.48  47.38
D  695  57.50  48.09
D  700  54.50  48.26
D  705  53.56  47.30
D  710  51.67  45.12
D  715  53.60  44.23
D  720  52.51  42.03
D  725  51.22  42.32
D  730  48.44  44.12
D  735  44.15  45.18
D  740  41.12  45.77
D  745  41.48  44.26
D  750  47.54  44.25
D  755  49.37  44.66
D  760  46.35  47.44
D  765  43.48  48.93
D  770  45.62  49.84
D  775  50.42  48.11
D  780  53.84  47.07
D  785  51.01  45.64
D  790  49.44  44.74
D  795  50.62  44.69
D  800  51.55  42.43
D  805  50.04  42.67
D  810  48.21  43.58
D  815  43.71  42.02
D  820  48.96  40.84
D  825  54.06  39.98
D  830  58.26  40.18
D  835  56.12  40.72
D  840  52.28  41.56
D  845  50.07  41.37
D  850  48.95  42.04
D  855  48.94  44.71
D  860  49.17  44.89
D  865  48.98  42.12
D  870  50.26  42.06
D  875  50.11  40.56
D  880  51.22  39.29
D  885  53.15  38.33
D  890  55.43  38.62
D  895  54.46  41.08
D  900  54.61  43.15
D  905  50.80  46.06
D  910  51.13  47.02
D  915  50.30  48.01
D  920  51.65  49.10
D  925  53.15  47.28
D  930  50.52  47.10
D  935  50.12  45.25
D  940  47.13  43.60
D  945  45.68  42.59
D  950  47.19  42.60
D  955  49.56  43.74
D  960  50.48  45.36
D  965  50.88  47.01
D  970  50.08  51.19
D  975  44.06  50.23
D  980  49.01  51.63
D  985  52.41  48.28
D  990  52.32  49.44
D  995  52.17  49.65
D 1000  52.17  49.41
D 1005  52.05  47.83
D 1010  49.10  46.52
D 1015  47.97  46.12
D 1020  49.71  43.64
D 1025  52.09  43.89
D 1030  54.11  46.05
D 1035  56.86  47.84
D 1040  51.16  45.06
D 1045  45.26  45.23
D 1050  45.25  51.24
D 1055  43.96  51.27
D 1060  44.80  50.51
D 1065  51.30  48.83
D 1070  52.62  48.56
D 1075  52.04  47.18
D 1080  49.97  44.93
D 1085  50.35  44.67
D 1090  48.60  43.60
D 1095  46.61  43.88
D 1100  39.29  43.96
D 1105  40.05  43.52
D 1110  44.93  43.47
D 1115  45.95  42.44
D 1120  45.84  44.40
D 1125  45.17  48.57
D 1130  49.21  50.41
D 1135  58.71  53.65
D 1140  45.64  55.08
D 1145  43.31  53.56
D 1150  42.76  49.72
D 1155  42.85  48.19
D 1160  47.77  49.02
D 1165  53.18  50.19
D 1170  44.92  47.47
D 1175  41.08  49.11
D 1180  41.10  49.11
D 1185  47.20  47.20
D 1190  49.55  45.19
D 1195  51.58  44.01
D 1200  51.07  45.42
D 1205  48.48  44.73
D 1210  47.95  42.51
D 1215  50.90  42.76
D 1220  53.73  42.83
D 1225  56.57  41.30
D 1230  57.26  41.50
D 1235  55.25  42.01
D 1240  51.55  40.85
D 1245  49.07  42.88
D 1250  45.28  43.51
D 1255  43.17  43.51
D 1260  41.83  43.51
D 1265  40.44  43.14
D 1270  41.06  43.31
D 1275  40.09  41.71
D 1280  37.38  44.48
D 1285  38.77  45.01
D 1290  40.33  46.05
D 1295  37.32  45.39
D 1300  41.66  43.76
D 1305  43.77  41.48
D 1310  45.18  42.65
D 1315  45.11  43.00
D 1320  45.84  42.96
D 1325  45.41  41.95
D 1330  47.03  43.91
D 1335  48.56  45.93
D 1340  51.79  41.85
D 1345  49.63  42.39
D 1350  45.27  41.96
D 1355  44.58  43.04
D 1360  46.79  44.66
D 1365  47.39  43.96
D 1370  47.46  44.48
D 1375  38.42  43.08
D 1380  39.45  44.30
D 1385  38.29  43.97
D 1390  41.67  43.96
D 1395  42.76  45.34
D 1400  42.83  44.03
D 1405  42.60  44.88
D 1410  45.93  43.39
D 1415  52.01  43.27
D 1420  53.79  45.03
D 1425  58.23  44.29
D 1430  57.69  43.72
D 1435  59.20  42.83
D 1440  60.70  40.70
D 1445  61.18  39.66
D 1450  61.76  40.39
D 1455  63.65  42.66
D 1460  54.41  44.37
D 1465  46.89  47.23
D 1470  47.05  48.76
D 1475  50.54  48.01
D 1480  46.22  48.89
D 1485  42.85  49.09
D 1490  43.83  49.12
D 1495  43.55  47.09
D 1500  41.12  44.16
D 1505  39.54  43.21
D 1510  33.02  44.08
D 1515  29.59  43.81
D 1520  29.24  42.54
D 1525  34.41  41.14
D 1530  37.28  43.31
D 1535  39.39  43.14
D 1540  40.26  43.88
D 1545  38.69  47.40
D 1550  39.96  48.74
D 1555  36.23  51.65
D 1560  39.88  50.21
D 1565  44.03  46.48
D 1570  46.38  43.89
D 1575  45.73  41.93
D 1580  45.73  41.74
D 1585  48.69  43.28
D 1590  52.17  45.38
D 1595  57.10  44.34
D 1600  64.75  49.55
D 1605  67.70  47.81
D 1610  77.46  45.69
D 1615  75.49  47.69
D 1620  71.85  43.57
D 1625  69.35  38.41
D 1630  67.59  35.96
D 1635  61.54  39.77
D 1640  59.17  42.45
D 1645  52.96  44.68
D 1650  51.16  49.63
D 1655  50.43  50.98
D 1660  54.41  53.80
D 1665  59.24  49.89
D 1670  62.76  49.80
D 1675  57.46  47.03
D 1680  54.32  43.21
D 1685  49.52  44.18
D 1690  47.63  44.28
D 1695  47.85  44.28
D 1700  40.66  44.28
D 1705  35.88  43.96
D 1710  36.05  42.09
D 1715  36.78  44.25
D 1720  36.30  44.44
D 1725  41.11  43.55
D 1730  43.41  43.90
D 1735  44.16  42.53
D 1740  41.23  44.06
D 1745  39.20  44.68
D 1750  38.05  44.02
D 1755  41.13  42.77
D 1760  39.79  40.83
D 1765  41.45  41.34
D 1770  40.62  42.24
D 1775  44.15  42.36
D 1780  52.23  43.20
D 1785  53.37  41.90
D 1790  50.72  42.23
D 1795  46.96  41.34
D 1800  39.52  39.38
D 1805  36.95  37.77
D 1810  35.91  38.19
D 1815  37.33  37.53
D 1820  39.16  38.50
D 1825  35.02  38.94
D 1830  32.15  38.07
D 1835  34.60  40.61
D 1840  35.98  42.31
D 1845  34.47  43.86
D 1850  35.75  43.52
D 1855  36.76  42.20
D 1860  42.54  43.63
D 1865  44.61  42.92
D 1870  43.14  41.58
D 1875  40.15  40.59
D 1880  35.93  41.98
D 1885  34.42  41.82
D 1890  33.82  41.86
D 1895  36.97  41.83
D 1900  40.64  40.73
D 1905  41.10  42.73
D 1910  44.80  41.67
D 1915  45.14  40.81
D 1920  47.26  43.33
D 1925  45.69  46.36
D 1930  42.72  46.64
D 1935  37.66  46.05
D 1940  37.09  43.20
D 1945  37.85  42.33
D 1950  38.06  41.94
D 1955  39.96  41.26
D 1960  41.41  41.29
D 1965  46.15  43.23
D 1970  48.14  45.92
D 1975  43.54  47.10
D 1980  42.38  43.35
D 1985  42.39  39.75
D 1990  41.21  39.03
D 1995  40.22  42.33
D 2000  35.39  44.55
D 2005  36.40  45.11
D 2010  39.30  45.30
D 2015  40.21  44.36
D 2020  42.82  44.92
D 2025  42.12  43.53
D 2030  35.42  42.81
D 2035  33.96  44.58
D 2040  33.40  43.43
D 2045  34.41  43.64
D 2050  36.16  44.25
D 2055  35.03  44.19
D 2060  33.26  43.11
D 2065  32.30  42.74
D 2070  30.82  42.38
D 2075  37.55  45.84
D 2080  38.53  46.48
D 2085  40.48  46.18
D 2090  42.65  44.06
D 2095  43.35  42.62
D 2100  43.93  41.66
D 2105  45.86  41.36
D 2110  44.58  41.40
D 2115  44.90  44.10
D 2120  50.28  44.75
D 2125  44.81  45.72
D 2130  40.50  45.58
D 2135  44.55  46.58
D 2140  39.99  46.46
D 2145  41.25  47.12
D 2150  38.80  44.81
D 2155  39.67  43.77
D 2160  36.49  44.16
D 2165  37.83  46.91
D 2170  36.66  50.63
D 2175  41.05  51.04
D 2180  40.80  46.66
D 2185  41.96  46.04
D 2190  39.03  49.30
D 2195  37.33  49.33
D 2200  41.73  48.73
D 2205  41.73  49.65
D 2210  40.71  47.20
D 2215  44.47  42.88
D 2220  49.54  43.46
D 2225  50.44  43.84
D 2230  48.50  41.49
D 2235  48.95  40.57
D 2240  48.91  41.68
D 2245  49.92  40.36
D 2250  46.50  41.10
D 2255  40.67  41.10
D 2260  35.73  39.86
D 2265  36.45  40.67
D 2270  35.78  41.47
D 2275  35.36  41.24
D 2280  36.41  40.86
D 2285  36.37  42.59
D 2290  42.54  43.29
D 2295  42.16  45.66
D 2300  41.10  45.59
D 2305  41.10  45.62
D 2310  37.52  44.69
D 2315  38.25  44.69
D 2320  41.93  41.63
D 2325  43.06  41.44
D 2330  47.70  43.06
D 2335  47.15  39.61
D 2340  44.70  40.25
D 2345  43.54  41.30
D 2350  39.86  42.45
D 2355  38.46  44.35
D 2360  35.13  46.06
D 2365  27.16  47.19
D 2370  29.18  41.99
D 2375  30.65  39.07
D 2380  30.41  37.85
D 2385  31.19  38.74
D 2390  32.45  40.85
D 2395  35.51  41.31
D 2400  39.74  38.99
D 2405  39.80  41.17
D 2410  31.63  42.06
D 2415  30.66  44.31
D 2420  35.57  44.17
D 2425  31.48  42.82
D 2430  30.97  44.04
D 2435  28.02  44.45
D 2440  31.08  42.00
D 2445  34.79  42.80
D 2450  35.11  47.46
D 2455  35.53  44.23
D 2460  42.55  43.99
D 2465  45.38  46.66
D 2470  43.73  50.27
D 2475  42.45  53.01
D 2480  47.05  54.73
D 2485  46.60  54.34
D 2490  43.74  53.51
D 2495  43.81  50.76
D 2500  42.62  51.06
D 2505  45.43  48.85
D 2510  46.48  47.79
D 2515  43.69  46.00
D 2520  40.76  42.17
D 2525  40.82  40.30
D 2530  40.98  40.45
D 2535  39.75  41.13
D 2540  40.28  41.47
D 2545  38.51  42.83
D 2550  43.55  42.47
D 2555  37.94  42.44
D 2560  36.43  40.52
D 2565  34.29  41.97
D 2570  33.36  41.73
D 2575  42.81  43.74
D 2580  45.43  46.51
D 2585  41.68  46.08
D 2590  43.25  44.32
D 2595  45.25  46.19
D 2600  49.12  46.03
D 2605  50.23  47.97
D 2610  50.93  47.43
D 2615  48.94  48.07
D 2620  41.53  51.31
D 2625  32.07  50.92
D 2630  27.74  45.56
D 2635  27.45  42.39
D 2640  28.50  44.08
D 2645  31.28  43.68
D 2650  39.66  46.46
D 2655  44.53  47.96
D 2660  40.55  47.16
D 2665  36.08  45.85
D 2670  36.95  44.46
D 2675  35.46  44.72
D 2680  30.35  41.79
D 2685  26.12  39.44
D 2690  26.05  40.26
D 2695  22.61  39.11
D 2700  24.56  40.27
D 2705  29.07  39.90
D 2710  29.69  41.08
D 2715  27.70  39.90
D 2720  24.51  38.21
D 2725  25.88  38.56
D 2730  30.60  37.55
D 2735  34.73  40.03
D 2740  28.22  42.75
D 2745  29.85  44.35
D 2750  32.69  43.27
D 2755  32.69  43.90
D 2760  30.53  42.99
D 2765  26.46  41.39
D 2770  22.34  40.92
D 2775  17.09  40.62
D 2780  16.23  41.02
D 2785  18.07  40.62
D 2790  23.22  41.31
D 2795  26.16  43.85
D 2800  24.54  44.30
D 2805  24.23  41.19
D 2810  24.86  41.28
D 2815  23.57  42.20
D 2820  26.00  41.24
D 2825  34.87  40.65
D 2830  36.89  43.41
D 2835  35.72  45.65
D 2840  31.59  44.77
D 2845  30.52  44.54
D 2850  37.76  44.82
D 2855  39.50  44.77
D 2860  33.35  47.74
D 2865  31.30  46.39
D 2870  25.81  46.56
D 2875  21.29  40.24
D 2880  24.83  41.06
D 2885  23.22  41.16
D 2890  21.88  39.76
D 2895  21.91  41.55
D 2900  26.64  41.27
D 2905  26.10  40.29
D 2910  29.00  41.08
D 2915  33.56  43.07
D 2920  35.05  43.02
D 2925  44.97  41.75
D 2930  35.81  42.17
D 2935  22.49  39.76
D 2940  21.40  42.06
D 2945  38.19  42.45
D 2950  35.66  40.75
D 2955  32.97  40.37
D 2960  26.57  40.71
D 2965  24.61  41.39
D 2970  22.30  40.00
D 2975  28.92  43.10
D 2980  33.07  46.17
D 2985  26.16  44.85
D 2990  18.67  40.91
D 2995  19.07  39.61
D 3000  24.88  42.06
D 3005  31.66  43.70
D 3010  30.04  42.61
D 3015  32.10  43.55
D 3020  39.36  44.52
D 3025  39.87  44.01
D 3030  33.21  43.64
D 3035  33.86  44.41
D 3040  32.34  44.02
D 3045  26.45  42.91
D 3050  23.19  41.63
D 3055  29.20  44.31
D 3060  29.23  46.13
D 3065  34.15  46.70
D 3070  33.57  46.86
D 3075  34.65  47.31
D 3080  32.42  47.43
D 3085  28.92  49.88
D 3090  27.52  48.42
D 3095  36.66  47.95
D 3100  41.30  44.98
D 3105  42.03  44.56
D 3110  34.57  45.00
D 3115  27.62  43.30
D 3120  27.57  44.29
D 3125  24.08  43.03
D 3130  27.38  44.09
D 3135  29.03  43.92
D 3140  32.51  43.74
D 3145  38.43  44.81
D 3150  43.64  43.36
D 3155  50.15  43.56
D 3160  56.74  46.87
D 3165  46.31  49.11
D 3170  39.93  48.18
D 3175  35.53  51.85
D 3180  52.56  50.84
D 3185  57.79  48.48
D 3190  54.40  49.12
D 3195  47.28  47.76
D 3200  41.80  49.55
D 3205  41.72  50.07
D 3210  40.48  50.70
D 3215  42.51  49.94
D 3220  37.72  52.95
D 3225  47.67  54.97
D 3230  37.92  53.15
D 3235  35.01  50.84
D 3240  26.24  48.60
D 3245  27.83  51.45
D 3250  26.21  51.30
D 3255  24.34  50.31
D 3260  25.20  48.42
D 3265  27.19  47.04
D 3270  29.51  46.29
D 3275  28.26  44.34
D 3280  30.71  44.00
D 3285  31.47  46.16
D 3290  32.25  46.96
D 3295  24.53  45.50
D 3300  20.07  44.80
D 3305  16.78  44.86
D 3310  19.38  44.56
D 3315  24.76  43.48
D 3320  23.48  44.16
D 3325  16.76  41.20
D 3330  13.69  40.30
D 3335  19.95  41.10
D 3340  29.98  42.80
D 3345  36.10  44.01
D 3350  29.25  43.80
D 3355  21.44  41.63
D 3360  16.46  39.41
D 3365  15.37  40.10
D 3370  24.45  43.98
D 3375  28.61  45.91
D 3380  28.50  46.99
D 3385  32.30  47.22
D 3390  33.51  46.14
D 3395  34.64  46.45
D 3400  30.45  42.67
D 3405  22.92  38.81
D 3410  19.90  40.01
D 3415  16.75  40.92
D 3420  17.32  42.05
D 3425  21.21  42.52
D 3430  28.80  42.44
D 3435  37.33  43.27
D 3440  46.39  44.58
D 3445  49.76  44.66
D 3450  48.86  44.16
D 3455  40.98  44.59
D 3460  30.33  44.30
D 3465  25.81  42.08
D 3470  26.97  41.38
D 3475  29.82  40.70
D 3480  30.27  40.84
D 3485  30.89  42.44
D 3490  29.52  43.19
D 3495  32.04  43.06
D 3500  34.88  42.32
D 3505  43.12  45.73
D 3510  45.66  47.99
D 3515  41.87  46.27
D 3520  31.16  45.53
D 3525  23.20  42.88
D 3530  29.42  43.13
D 3535  33.79  47.04
D 3540  32.75  47.05
D 3545  26.91  46.19
D 3550  20.49  41.67
D 3555  18.28  39.43
D 3560  17.99  37.21
D 3565  20.83  37.65
D 3570  22.87  38.78
D 3575  25.66  39.75
D 3580  29.38  42.36
D 3585  33.19  45.40
D 3590  44.50  46.76
D 3595  46.32  47.81
D 3600  40.02  44.97
D 3605  32.93  41.48
D 3610  26.69  38.05
D 3615  16.84  34.40
D 3620  15.80  36.42
D 3625  18.00  40.07
D 3630  16.76  41.18
D 3635  16.73  45.02
D 3640  16.35  44.72
D 3645  27.26  46.23
D 3650  33.87  47.51
D 3655  41.41  48.77
D 3660  35.69  44.83
D 3665  32.34  45.50
D 3670  27.26  45.14
D 3675  26.31  43.84
D 3680  29.98  42.68
D 3685  31.59  45.68
D 3690  35.11  46.90
D 3695  33.27  51.08
D 3700  30.03  49.98
D 3705  34.56  49.40
D 3710  40.63  48.35
D 3715  47.88  49.20
D 3720  46.75  51.25
D 3725  41.31  50.73
D 3730  34.35  43.21
D 3735  35.40  38.85
D 3740  32.68  39.58
D 3745  35.52  42.53
D 3750  43.53  46.52
D 3755  40.33  47.13
D 3760  38.28  50.00
D 3765  44.46  51.40
D 3770  47.12  53.41
D 3775  45.09  51.06
D 3780  42.24  48.72
D 3785  32.11  44.15
D 3790  23.57  43.15
D 3795  23.32  45.10
D 3800  28.06  45.11
D 3805  37.18  44.87
D 3810  39.17  47.53
D 3815  36.92  46.93
D 3820  37.18  45.31
D 3825  38.84  43.86
D 3830  36.35  44.01
D 3835  36.35  46.25
D 3840  36.70  46.28
D 3845  39.45  46.21
D 3850  43.36  45.00
D 3855  45.78  45.51
D 3860  44.71  47.99
D 3865  45.42  44.45
D 3870  44.75  46.41
D 3875  48.97  48.29
D 3880  48.26  50.06
D 3885  43.65  51.30
D 3890  37.51  50.56
D 3895  32.73  49.33
D 3900  32.91  45.90
D 3905  36.18  44.55
D 3910  34.43  42.49
D 3915  40.31  42.95
D 3920  44.26  45.75
D 3925  40.15  46.00
D 3930  42.46  45.34
D 3935  47.06  45.70
D 3940  50.66  45.58
D 3945  46.64  46.23
D 3950  44.53  46.49
D 3955  43.76  45.66
D 3960  42.95  45.73
D 3965  48.22  45.80
D 3970  47.26  46.68
D 3975  49.18  48.64
D 3980  46.25  49.15
D 3985  43.67  49.10
D 3990  43.63  47.53
D 3995  43.93  51.32
D 4000  50.11  50.55
D 4005  50.57  50.48
D 4010  46.64  51.62
D 4015  40.01  50.77
D 4020  37.85  45.49
D 4025  37.63  42.66
D 4030  36.03  43.37
D 4035  28.25  43.30
D 4040  22.42  38.05
D 4045  17.73  35.35
D 4050  17.67  34.20
D 4055  19.41  33.75
D 4060  19.68  37.27
D 4065  32.55  45.17
D 4070  38.37  44.78
D 4075  43.08  47.27
D 4080  38.48  48.25
D 4085  36.11  44.94
D 4090  31.63  40.87
D 4095  28.84  41.35
D 4100  31.66  42.95
D 4105  28.58  41.22
D 4110  25.21  40.02
D 4115  24.33  39.98
D 4120  30.14  38.78
D 4125  35.14  39.79
D 4130  45.10  40.15
D 4135  50.64  43.55
D 4140  47.63  45.56
D 4145  37.45  45.80
D 4150  24.84  38.54
D 4155  18.12  37.63
D 4160  16.30  35.31
D 4165  23.33  36.45
D 4170  29.33  40.56
D 4175  33.20  44.12
D 4180  35.20  45.88
D 4185  36.37  43.08
D 4190  31.64  42.63
D 4195  28.59  41.31
D 4200  35.92  43.18
D 4205  47.09  45.31
D 4210  51.44  49.31
D 4215  47.12  52.40
D 4220  41.55  53.61
D 4225  32.33  55.09
D 4230  35.14  55.81
D 4235  36.96  52.54
D 4240  35.80  51.62
D 4245  47.20  55.18
D 4250  51.06  55.33
D 4255  49.53  51.58
D 4260  47.93  50.48
D 4265  61.79  51.58
D 4270  63.84  54.81
D 4275  55.88  50.98
D 4280  47.86  47.53
D 4285  38.88  43.22
D 4290  34.71  42.06
D 4295  29.34  44.06
D 4300  22.31  44.54
D 4305  25.23  45.19
D 4310  32.26  46.53
D 4315  36.79  46.86
D 4320  34.96  48.82
D 4325  31.28  49.76
D 4330  24.57  52.86
D 4335  28.05  55.28
D 4340  36.39  54.95
D 4345  42.38  54.11
D 4350  42.66  53.82
D 4355  37.89  50.75
D 4360  40.08  50.83
D 4365  39.69  51.19
D 4370  39.93  53.81
D 4375  50.34  52.32
D 4380  58.37  52.38
D 4385  59.30  53.95
D 4390  46.78  51.75
D 4395  34.61  49.43
D 4400  29.31  47.01
D 4405  25.21  49.53
D 4410  23.35  52.00
D 4415  24.70  54.36
D 4420  31.54  54.01
D 4425  32.47  49.63
D 4430  33.56  49.90
D 4435  36.15  48.78
D 4440  38.55  52.22
D 4445  42.85  52.53
D 4450  43.46  52.13
D 4455  47.00  46.55
D 4460  48.79  46.03
D 4465  45.47  40.69
D 4470  45.46  39.05
D 4475  48.75  42.85
D 4480  48.00  43.66
D 4485  48.74  43.97
D 4490  54.97  42.86
D 4495  59.14  46.25
D 4500  53.16  47.41
D 4505  52.97  47.57
D 4510  51.32  48.29
D 4515  49.48  44.03
D 4520  40.28  48.73
D 4525  35.96  52.92
D 4530  22.71  52.70
D 4535  21.47  43.57
D 4540  21.64  43.03
D 4545  15.39  40.90
D 4550  20.25  41.40
D 4555  26.18  42.18
D 4560  33.21  46.34
D 4565  48.32  46.03
D 4570  56.88  44.54
D 4575  51.58  46.52
D 4580  52.93  45.86
D 4585  53.88  46.34
D 4590  46.79  46.09
D 4595  48.82  47.21
D 4600  51.32  45.50
D 4605  53.08  43.77
D 4610  44.51  43.40
D 4615  48.36  43.36
D 4620  55.68  44.48
D 4625  45.61  43.33
D 4630  36.36  40.64
D 4635  45.79  41.21
D 4640  44.74  47.96
D 4645  48.75  46.53
D 4650  55.56  49.22
D 4655  49.28  47.58
D 4660  38.18  45.78
D 4665  29.60  42.13
D 4670  28.19  40.83
D 4675  28.18  40.62
D 4680  25.45  41.91
D 4685  21.82  39.68
D 4690  23.31  37.60
D 4695  24.79  37.72
D 4700  26.45  42.42
D 4705  33.20  42.61
D 4710  37.25  43.18
D 4715  37.71  44.42
D 4720  40.84  43.71
D 4725  43.57  41.78
D 4730  39.61  43.56
D 4735  34.28  43.21
D 4740  30.73  43.16
D 4745  28.76  45.21
D 4750  34.68  44.80
D 4755  39.56  43.22
D 4760  34.57  46.07
D 4765  32.87  45.93
D 4770  33.95  43.32
D 4775  35.64  46.39
D 4780  33.43  47.01
D 4785  34.70  47.22
D 4790  34.43  45.03
D 4795  39.52  44.84
D 4800  37.92  44.66
D 4805  44.45  44.73
D 4810  49.98  44.48
D 4815  49.68  46.11
D 4820  52.33  50.03
D 4825  48.87  49.40
D 4830  41.40  46.07
D 4835  34.95  42.96
D 4840  34.50  40.37
D 4845  37.18  42.25
D 4850  33.80  43.98
D 4855  32.05  46.06
D 4860  28.24  46.45
D 4865  29.34  43.73
D 4870  32.96  44.80
D 4875  41.61  44.95
D 4880  45.06  45.52
D 4885  46.62  48.32
D 4890  43.63  48.26
D 4895  40.59  47.48
D 4900  46.33  48.29
D 4905  50.50  45.97
D 4910  47.89  47.15
D 4915  43.82  46.92
D 4920  34.07  51.01
D 4925  37.87  56.13
D 4930  31.61  58.96
D 4935  21.05  54.95
D 4940  32.81  51.76
D 4945  45.22  52.45
D 4950  43.63  51.80
D 4955  30.16  46.80
D 4960  18.29  40.26
D 4965  11.20  36.84
D 4970   9.03  37.50
D 4975   7.68  33.92
D 4980   9.70  38.05
D 4985  12.23  39.16
D 4990  19.04  41.26
E 4995  18.42  41.33